time,flow
1997-04-15,0.0
1997-04-16,0.0
1997-04-17,0.0
1997-04-18,8.346565958438588e-07
1997-04-19,8.049584544126292e-07
1997-04-20,8.04402543719927e-07
1997-04-21,7.965059920320391e-07
1997-04-22,7.964373991547359e-07
1997-04-23,7.971706439766438e-07
1997-04-24,8.102264422267247e-07
1997-04-25,8.021417848567137e-07
1997-04-26,8.001929993177719e-07
1997-04-27,7.981570976717459e-07
1997-04-28,7.981578732504667e-07
1997-04-29,7.978057267675835e-07
1997-04-30,7.968183931274168e-07
1997-05-01,7.95141542605406e-07
1997-05-02,8.013598081658889e-07
1997-05-03,8.031636017134988e-07
1997-05-04,7.908755379087812e-07
1997-05-05,7.975442566539546e-07
1997-05-06,7.669341896841665e-07
1997-05-07,7.86956645088832e-07
1997-05-08,7.605869962555254e-07
1997-05-09,7.702720804232702e-07
1997-05-10,7.749261377467242e-07
1997-05-11,7.537564966127247e-07
1997-05-12,7.491741494755309e-07
1997-05-13,7.68381358531682e-07
1997-05-14,7.365944458494884e-07
1997-05-15,7.736857952224459e-07
1997-05-16,8.301916113465352e-07
1997-05-17,7.382746658563636e-07
1997-05-18,7.549694590131084e-07
1997-05-19,7.896820445421389e-07
1997-05-20,7.480450770934255e-07
1997-05-21,7.747372075625082e-07
1997-05-22,7.666070210299502e-07
1997-05-23,8.406957390252266e-07
1997-05-24,7.743782625420276e-07
1997-05-25,7.437392116693159e-07
1997-05-26,7.38394994031261e-07
1997-05-27,7.389499494137832e-07
1997-05-28,7.406590226795385e-07
1997-05-29,7.266077539366417e-07
1997-05-30,6.600977601785746e-07
1997-05-31,6.49031455000452e-07
1997-06-01,9.38288074971197e-07
1997-06-02,8.837752019237824e-07
1997-06-03,7.172535279452991e-07
1997-06-04,6.408100327512565e-07
1997-06-05,6.761438807610456e-07
1997-06-06,7.113267616803463e-07
1997-06-07,7.432147863127878e-07
1997-06-08,7.561997662404376e-07
1997-06-09,8.045209339199472e-07
1997-06-10,8.381518670785749e-07
1997-06-11,8.151710635953507e-07
1997-06-12,8.687498013995168e-07
1997-06-13,8.520659554309087e-07
1997-06-14,8.752266216377301e-07
1997-06-15,8.975068900699513e-07
1997-06-16,9.88160303857396e-07
1997-06-17,1.0112261392433386e-06
1997-06-18,1.046600161326118e-06
1997-06-19,1.0855615220198483e-06
1997-06-20,1.5457990922782088e-06
1997-06-21,1.998581222294548e-06
1997-06-22,2.091564439618368e-06
1997-06-23,2.328032201826788e-06
1997-06-24,2.4616785078295503e-06
1997-06-25,2.6152982751616274e-06
1997-06-26,2.765264101289095e-06
1997-06-27,2.8694103010239507e-06
1997-06-28,3.2236915067579594e-06
1997-06-29,3.68328823181736e-06
1997-06-30,4.1962340626288e-06
1997-07-01,4.311592739315901e-06
1997-07-02,4.50559398411916e-06
1997-07-03,4.65460546143297e-06
1997-07-04,4.695517898312782e-06
1997-07-05,4.825980431112261e-06
1997-07-06,4.788141612337692e-06
1997-07-07,5.067680017121353e-06
1997-07-08,5.43804689363754e-06
1997-07-09,5.707343206409783e-06
1997-07-10,6.015918043829979e-06
1997-07-11,6.242665677285817e-06
1997-07-12,6.287894366502647e-06
1997-07-13,6.4983275119870175e-06
1997-07-14,6.468623407287212e-06
1997-07-15,6.557726543179618e-06
1997-07-16,6.816056801378933e-06
1997-07-17,7.107758260590662e-06
1997-07-18,7.298394054510331e-06
1997-07-19,7.4979662253002594e-06
1997-07-20,7.705888039030168e-06
1997-07-21,7.91489059029889e-06
1997-07-22,7.905081221673655e-06
1997-07-23,7.93043132917573e-06
1997-07-24,7.953210067267123e-06
1997-07-25,7.970505652097513e-06
1997-07-26,7.976865310080538e-06
1997-07-27,7.974471142657227e-06
1997-07-28,7.979676887018652e-06
1997-07-29,7.992383029712852e-06
1997-07-30,8.142786153003266e-06
1997-07-31,8.069072535107637e-06
1997-08-01,8.087028706008408e-06
1997-08-02,8.140875730593075e-06
1997-08-03,8.158337410233038e-06
1997-08-04,8.168070614591203e-06
1997-08-05,8.246296430152318e-06
1997-08-06,8.411922209051452e-06
1997-08-07,8.466054970345309e-06
1997-08-08,8.489927423758536e-06
1997-08-09,8.513503182134875e-06
1997-08-10,8.527344778242951e-06
1997-08-11,8.562992728462567e-06
1997-08-12,8.63071972273106e-06
1997-08-13,8.791468449581764e-06
1997-08-14,9.242744611558566e-06
1997-08-15,9.407451321335828e-06
1997-08-16,9.365051406323594e-06
1997-08-17,9.387176729261456e-06
1997-08-18,9.378063604779328e-06
1997-08-19,9.317865513292617e-06
1997-08-20,9.384010368260163e-06
1997-08-21,9.56902439012808e-06
1997-08-22,9.487137234427433e-06
1997-08-23,9.374235032223402e-06
1997-08-24,9.350971120944983e-06
1997-08-25,9.43605018288143e-06
1997-08-26,9.291246094494265e-06
1997-08-27,9.110797039510209e-06
1997-08-28,9.038128260544787e-06
1997-08-29,9.0139539543025e-06
1997-08-30,8.913608721254215e-06
1997-08-31,8.879276400706036e-06
1997-09-01,8.786909769486734e-06
1997-09-02,8.739019099323274e-06
1997-09-03,8.703748619723035e-06
1997-09-04,8.777469680350238e-06
1997-09-05,8.670398768616567e-06
1997-09-06,8.574125461822966e-06
1997-09-07,8.597724286944945e-06
1997-09-08,8.516808825725383e-06
1997-09-09,8.386226971852013e-06
1997-09-10,1.0747523428666103e-05
1997-09-11,1.0874812374008154e-05
1997-09-12,1.0169493101613265e-05
1997-09-13,9.88590939190372e-06
1997-09-14,9.662296366001168e-06
1997-09-15,9.738813533676886e-06
1997-09-16,8.774574616739164e-06
1997-09-17,8.078400584637333e-06
1997-09-18,7.715402597809799e-06
1997-09-19,7.638838771660596e-06
1997-09-20,7.537240743107681e-06
1997-09-21,7.286732828054306e-06
1997-09-22,9.234287783610185e-06
1997-09-23,7.77379302271558e-06
1997-09-24,7.20157505127534e-06
1997-09-25,5.872163151539511e-06
1997-09-26,3.93209798080372e-06
1997-09-27,0.0
1997-09-28,0.0
1997-09-29,0.0
1997-09-30,1.0239750023224389e-07
1997-10-01,1.4813264330451546e-07
1997-10-02,0.0
1997-10-03,0.0
1997-10-04,0.0
1997-10-05,3.0877183446176783e-08
1997-10-06,2.369321667926337e-07
1997-10-07,2.001385984639692e-07
1997-10-08,7.30898210853204e-08
1997-10-09,1.441162913352364e-08
1997-10-10,6.586836624591171e-08
1997-10-11,1.8314141982936577e-07
1997-10-12,8.790635690849396e-08
1997-10-13,0.0
1997-10-14,0.0
1997-10-15,0.0
1997-10-16,8.087734094937081e-09
1997-10-17,0.0
1997-10-18,8.113665693495752e-08
1997-10-19,1.0208652122338557e-07
1997-10-20,1.672441378697594e-07
1997-10-21,1.8762834320530537e-07
1997-10-22,1.987809479841667e-07
1997-10-23,2.445006425739208e-07
1997-10-24,2.774818594758696e-07
1997-10-25,3.06019071262112e-07
1997-10-26,3.5831595856880734e-07
1997-10-27,3.926550537929529e-07
1997-10-28,4.154889958158935e-07
1997-10-29,4.279028254859125e-07
1997-10-30,4.401324026396606e-07
1997-10-31,4.498736597086834e-07
1997-11-01,4.590641033327297e-07
1997-11-02,4.581855596343277e-07
1997-11-03,4.558372131201829e-07
1997-11-04,4.5947886324934033e-07
1997-11-05,4.907637153646652e-07
1997-11-06,5.16398271347976e-07
1997-11-07,4.621839401090985e-07
1997-11-08,4.550777246984095e-07
1997-11-09,4.497927570261453e-07
1997-11-10,4.502610149328973e-07
1997-11-11,4.534120034790374e-07
1997-11-12,4.364411888284629e-07
1997-11-13,4.374142585141053e-07
1997-11-14,4.310484108872296e-07
1997-11-15,4.09861936791232e-07
1997-11-16,3.897945403708043e-07
1997-11-17,3.514128026245296e-07
1997-11-18,3.262470559093024e-07
1997-11-19,3.163285398525099e-07
1997-11-20,3.139931997253802e-07
1997-11-21,3.13241675661787e-07
1997-11-22,3.122662336407667e-07
1997-11-23,3.145254658213252e-07
1997-11-24,3.127683490091624e-07
1997-11-25,3.0892856959410626e-07
1997-11-26,3.074721579539742e-07
1997-11-27,3.072462272678641e-07
1997-11-28,3.032837020225828e-07
1997-11-29,3.058043490621185e-07
1997-11-30,3.0789827927075244e-07
1997-12-01,3.110328406140944e-07
1997-12-02,3.080429140639583e-07
1997-12-03,3.0645649245662205e-07
1997-12-04,3.0692115787311295e-07
1997-12-05,3.0797948738639295e-07
1997-12-06,3.0383654938988585e-07
1997-12-07,3.055876612434648e-07
1997-12-08,3.036347052283819e-07
1997-12-09,3.0435885977702784e-07
1997-12-10,3.013040930516833e-07
1997-12-11,3.016579352033613e-07
1997-12-12,3.0341742150647585e-07
1997-12-13,3.010147176000013e-07
1997-12-14,3.087887375577864e-07
1997-12-15,3.0149164476121804e-07
1997-12-16,3.0041670325935105e-07
1997-12-17,2.974664027711928e-07
1997-12-18,2.9946845294632693e-07
1997-12-19,2.9871279575445614e-07
1997-12-20,2.983393770139185e-07
1997-12-21,2.992114881690062e-07
1997-12-22,2.981031214396736e-07
1997-12-23,2.9819755313037184e-07
1997-12-24,2.974485247107109e-07
1997-12-25,2.961614567517174e-07
1997-12-26,2.956872887568946e-07
1997-12-27,2.934611010922915e-07
1997-12-28,2.950216214707986e-07
1997-12-29,2.944308718552169e-07
1997-12-30,2.864376077903376e-07
1997-12-31,2.903564039744259e-07
1998-01-01,2.885620547640037e-07
1998-01-02,2.886789002235587e-07
1998-01-03,2.893791635675924e-07
1998-01-04,2.854810847543951e-07
1998-01-05,2.8436356957935986e-07
1998-01-06,2.8061386296971344e-07
1998-01-07,2.845670257163694e-07
1998-01-08,2.829583053921554e-07
1998-01-09,2.802511271048818e-07
1998-01-10,2.806516621680016e-07
1998-01-11,2.844130006797027e-07
1998-01-12,2.804053580589898e-07
1998-01-13,2.79057061219976e-07
1998-01-14,2.750788583205013e-07
1998-01-15,2.6224961630681777e-07
1998-01-16,2.6794131931199095e-07
1998-01-17,2.715631002124807e-07
1998-01-18,2.656044057130426e-07
1998-01-19,2.704374329777135e-07
1998-01-20,2.664464445044106e-07
1998-01-21,2.6971177290349894e-07
1998-01-22,2.700539651795516e-07
1998-01-23,2.712470268700121e-07
1998-01-24,2.705924163743551e-07
1998-01-25,2.740872639750117e-07
1998-01-26,2.695411840318316e-07
1998-01-27,2.682368424076089e-07
1998-01-28,2.69585220497104e-07
1998-01-29,2.590723304381779e-07
1998-01-30,2.705243193334528e-07
1998-01-31,2.642242978042157e-07
1998-02-01,2.699428021061778e-07
1998-02-02,2.632438725632678e-07
1998-02-03,2.7084842785437215e-07
1998-02-04,2.628774549618752e-07
1998-02-05,2.665491088602581e-07
1998-02-06,2.659619452305277e-07
1998-02-07,2.6286513909345205e-07
1998-02-08,2.582992998786504e-07
1998-02-09,2.592516583598356e-07
1998-02-10,2.6194547299677654e-07
1998-02-11,2.635381893890077e-07
1998-02-12,2.713197517053391e-07
1998-02-13,2.633593651403631e-07
1998-02-14,2.6285755276850174e-07
1998-02-15,2.6388897662713224e-07
1998-02-16,2.664122540949921e-07
1998-02-17,2.61674344874488e-07
1998-02-18,2.564120028038405e-07
1998-02-19,2.6019608100110695e-07
1998-02-20,2.607812733259151e-07
1998-02-21,2.7624215912637e-07
1998-02-22,2.723878288007323e-07
1998-02-23,2.716757886399122e-07
1998-02-24,2.652927354976948e-07
1998-02-25,2.771060120136115e-07
1998-02-26,2.792406008009323e-07
1998-02-27,2.7238905989589404e-07
1998-02-28,2.7696578573213386e-07
1998-03-01,2.8977442532275305e-07
1998-03-02,2.7091509500217374e-07
1998-03-03,2.845517490306776e-07
1998-03-04,2.907986638241649e-07
1998-03-05,2.85100834115703e-07
1998-03-06,2.962002461455736e-07
1998-03-07,2.781385933652748e-07
1998-03-08,2.464518712065427e-07
1998-03-09,2.417385758046221e-07
1998-03-10,2.46814834308772e-07
1998-03-11,2.6742113032666786e-07
1998-03-12,2.560419668128139e-07
1998-03-13,2.4962233138729334e-07
1998-03-14,2.352986308901994e-07
1998-03-15,2.307693769967258e-07
1998-03-16,2.3559152382774325e-07
1998-03-17,2.381864077069651e-07
1998-03-18,2.3010490866074186e-07
1998-03-19,2.318223363629349e-07
1998-03-20,2.421215554439533e-07
1998-03-21,2.458368814941076e-07
1998-03-22,2.4571835598007093e-07
1998-03-23,2.351515114243332e-07
1998-03-24,2.440918004338004e-07
1998-03-25,2.451869090504117e-07
1998-03-26,2.447225241127863e-07
1998-03-27,2.4935348711198415e-07
1998-03-28,2.435600712537908e-07
1998-03-29,2.4973034145833505e-07
1998-03-30,2.7045618537649813e-07
1998-03-31,3.63634395062112e-07
1998-04-01,3.664447204456872e-07
1998-04-02,3.738460032702625e-07
1998-04-03,3.781175818880735e-07
1998-04-04,3.768770798730901e-07
1998-04-05,3.827092811123432e-07
1998-04-06,3.5508367351512146e-07
1998-04-07,3.382456477661849e-07
1998-04-08,3.353366542046057e-07
1998-04-09,3.3105511132481225e-07
1998-04-10,3.267786537014364e-07
1998-04-11,3.346220091030432e-07
1998-04-12,3.556885854135697e-07
1998-04-13,3.274030219362305e-07
1998-04-14,3.206853794774628e-07
1998-04-15,3.223406850307645e-07
1998-04-16,3.268896635862374e-07
1998-04-17,3.241271303604231e-07
1998-04-18,3.071261438134554e-07
1998-04-19,3.4929792076438933e-07
1998-04-20,2.8699472865238065e-07
1998-04-21,2.833857629285273e-07
1998-04-22,2.956913926628932e-07
1998-04-23,3.058625597469299e-07
1998-04-24,3.341436986815811e-07
1998-04-25,3.432701452350463e-07
1998-04-26,3.364202684155029e-07
1998-04-27,3.713762182505648e-07
1998-04-28,3.032096346639986e-07
1998-04-29,3.579637399342857e-07
1998-04-30,2.328961650532402e-07
1998-05-01,2.9569258409134665e-07
1998-05-02,4.330174713464965e-07
1998-05-03,5.34066688480204e-07
1998-05-04,2.692405391633933e-07
1998-05-05,3.051383784679056e-07
1998-05-06,3.508183730563785e-07
1998-05-07,9.596173485043926e-07
1998-05-08,1.0679970879656109e-06
1998-05-09,1.102221518922726e-06
1998-05-10,3.128975870090416e-07
1998-05-11,4.5890955863644034e-07
1998-05-12,9.57221174909688e-07
1998-05-13,9.466753004988264e-07
1998-05-14,7.576961763101481e-07
1998-05-15,6.487520413432229e-07
1998-05-16,6.553676495021219e-07
1998-05-17,0.0
1998-05-18,3.288862015444492e-07
1998-05-19,0.0
1998-05-20,0.0
1998-05-21,0.0
1998-05-22,4.446496663777608e-07
1998-05-23,0.0
1998-05-24,1.3638093857963838e-06
1998-05-25,1.353792686560793e-06
1998-05-26,7.532551062972207e-07
1998-05-27,0.0
1998-05-28,0.0
1998-05-29,0.0
1998-05-30,0.0
1998-05-31,0.0
1998-06-01,9.341007308937176e-07
1998-06-02,8.690897263997567e-07
1998-06-03,1.008430924082966e-06
1998-06-04,2.048205093710938e-06
1998-06-05,0.0
1998-06-06,0.0
1998-06-07,0.0
1998-06-08,0.0
1998-06-09,5.627960388319517e-07
1998-06-10,0.0
1998-06-11,0.0
1998-06-12,0.0
1998-06-13,0.0
1998-06-14,0.0
1998-06-15,1.942896954659855e-07
1998-06-16,5.206853472106066e-08
1998-06-17,3.593842864400424e-07
1998-06-18,0.0
1998-06-19,0.0
1998-06-20,0.0
1998-06-21,0.0
1998-06-22,0.0
1998-06-23,6.330326374613582e-08
1998-06-24,1.971122437997515e-07
1998-06-25,2.9067410351189685e-07
1998-06-26,4.503489942476995e-07
1998-06-27,6.060940141747104e-07
1998-06-28,6.387741229877187e-07
1998-06-29,8.277554162393891e-07
1998-06-30,9.406647659094252e-07
1998-07-01,9.325223308235154e-07
1998-07-02,1.0342180298581863e-06
1998-07-03,1.315006358621434e-06
1998-07-04,1.7412810440887318e-06
1998-07-05,1.9696772256858822e-06
1998-07-06,2.0550718661297822e-06
1998-07-07,2.1922593271630235e-06
1998-07-08,2.307482302941945e-06
1998-07-09,2.471603019139957e-06
1998-07-10,2.610808854388113e-06
1998-07-11,2.837692527122342e-06
1998-07-12,2.863010773183834e-06
1998-07-13,2.9492369389727945e-06
1998-07-14,3.029022688219701e-06
1998-07-15,3.1861029350970742e-06
1998-07-16,3.317109443731371e-06
1998-07-17,3.626545312879625e-06
1998-07-18,4.014549529861498e-06
1998-07-19,4.27358510178083e-06
1998-07-20,4.467360786465676e-06
1998-07-21,4.618377078559999e-06
1998-07-22,4.734722686842763e-06
1998-07-23,4.865383979574367e-06
1998-07-24,5.229485979689193e-06
1998-07-25,5.433131589556569e-06
1998-07-26,6.245113271237912e-06
1998-07-27,6.614242665415888e-06
1998-07-28,7.093409907881328e-06
1998-07-29,7.224640838835751e-06
1998-07-30,7.301771855403987e-06
1998-07-31,1.0404462494840754e-05
1998-08-01,1.178119425674768e-05
1998-08-02,1.1907167824467396e-05
1998-08-03,1.4192166184244607e-05
1998-08-04,1.3580859921911424e-05
1998-08-05,1.3311510666989948e-05
1998-08-06,1.2888203701674565e-05
1998-08-07,1.262896671945849e-05
1998-08-08,1.218098735251688e-05
1998-08-09,1.192198134183148e-05
1998-08-10,1.1472531569112806e-05
1998-08-11,1.0946198202712638e-05
1998-08-12,1.0739193592587272e-05
1998-08-13,1.0280750178558978e-05
1998-08-14,9.69012094624818e-06
1998-08-15,9.30214879547192e-06
1998-08-16,9.136896445264185e-06
1998-08-17,9.077129942832203e-06
1998-08-18,8.965303507928494e-06
1998-08-19,8.742152422010979e-06
1998-08-20,8.623685205828197e-06
1998-08-21,1.1208633898987802e-05
1998-08-22,1.218423219438237e-05
1998-08-23,1.2120813752166565e-05
1998-08-24,1.0825038684332908e-05
1998-08-25,1.1056911128278028e-05
1998-08-26,1.0970830748046375e-05
1998-08-27,1.096624702809132e-05
1998-08-28,1.0630793395882448e-05
1998-08-29,1.0463089035039534e-05
1998-08-30,1.0267578102608007e-05
1998-08-31,1.0118737309785847e-05
1998-09-01,1.08386018818618e-05
1998-09-02,1.0757642775577622e-05
1998-09-03,9.368298265610533e-06
1998-09-04,8.860125908128744e-06
1998-09-05,7.513746852073773e-06
1998-09-06,6.755142362609286e-06
1998-09-07,4.27444642787866e-06
1998-09-08,2.439314082907911e-06
1998-09-09,7.645090542705239e-07
1998-09-10,1.870949278384084e-07
1998-09-11,1.5234250561925523e-06
1998-09-12,0.0
1998-09-13,0.0
1998-09-14,0.0
1998-09-15,0.0
1998-09-16,0.0
1998-09-17,0.0
1998-09-18,0.0
1998-09-19,0.0
1998-09-20,0.0
1998-09-21,0.0
1998-09-22,0.0
1998-09-23,0.0
1998-09-24,0.0
1998-09-25,1.787937649282663e-06
1998-09-26,0.0
1998-09-27,0.0
1998-09-28,0.0
1998-09-29,0.0
1998-09-30,0.0
1998-10-01,0.0
1998-10-02,0.0
1998-10-03,0.0
1998-10-04,0.0
1998-10-05,0.0
1998-10-06,0.0
1998-10-07,0.0
1998-10-08,0.0
1998-10-09,0.0
1998-10-10,6.135949532032066e-08
1998-10-11,2.4928848863364545e-08
1998-10-12,4.01687256300885e-08
1998-10-13,2.576251233780955e-07
1998-10-14,7.759650107731745e-08
1998-10-15,1.081047598866409e-07
1998-10-16,1.20935535568746e-07
1998-10-17,8.510106219350788e-08
1998-10-18,1.0998793551409869e-07
1998-10-19,1.551604221100552e-07
1998-10-20,1.771502734252389e-07
1998-10-21,1.5776891266955454e-07
1998-10-22,1.1606338310697242e-07
1998-10-23,1.212783132828681e-07
1998-10-24,1.4276677448141917e-07
1998-10-25,1.786990024631787e-07
1998-10-26,2.1230767866325085e-07
1998-10-27,2.403672001101671e-07
1998-10-28,2.463290926313548e-07
1998-10-29,2.678690540642377e-07
1998-10-30,2.660632644442962e-07
1998-10-31,2.37162004266426e-07
1998-11-01,2.3003221195677525e-07
1998-11-02,2.340030488100021e-07
1998-11-03,2.558637959047534e-07
1998-11-04,2.5169403959442055e-07
1998-11-05,2.399752274655891e-07
1998-11-06,2.4850679250664185e-07
1998-11-07,2.729899778294272e-07
1998-11-08,2.930056228414435e-07
1998-11-09,3.008299271402897e-07
1998-11-10,3.037851052134732e-07
1998-11-11,3.037376192504459e-07
1998-11-12,3.1044673578828295e-07
1998-11-13,3.224080170444859e-07
1998-11-14,3.156062620561105e-07
1998-11-15,3.809446255339424e-07
1998-11-16,2.8275695533374225e-07
1998-11-17,2.5321423779561285e-07
1998-11-18,2.295122155255657e-07
1998-11-19,2.373082133343497e-07
1998-11-20,1.989522791134832e-07
1998-11-21,1.9467261068243737e-07
1998-11-22,1.952061905946751e-07
1998-11-23,1.790613487925425e-07
1998-11-24,1.904962683071292e-07
1998-11-25,1.599431013497694e-07
1998-11-26,1.604863178969889e-07
1998-11-27,1.617624513869117e-07
1998-11-28,1.7205658810111049e-07
1998-11-29,1.5901986275018509e-07
1998-11-30,1.6139743725568309e-07
1998-12-01,1.581293609723906e-07
1998-12-02,1.580348357445133e-07
1998-12-03,1.618373498737274e-07
1998-12-04,1.819202225371403e-07
1998-12-05,2.143007919175999e-07
1998-12-06,1.979864808118595e-07
1998-12-07,2.008039153273485e-07
1998-12-08,2.0605259431802213e-07
1998-12-09,1.96320321060046e-07
1998-12-10,2.3005641351162042e-07
1998-12-11,2.085012653410004e-07
1998-12-12,1.670239230862846e-07
1998-12-13,1.4386573291018508e-07
1998-12-14,1.432333589437984e-07
1998-12-15,1.413999815107916e-07
1998-12-16,1.402526316691305e-07
1998-12-17,1.4093891889046716e-07
1998-12-18,1.396544064031618e-07
1998-12-19,1.390582663000226e-07
1998-12-20,1.3973390117241637e-07
1998-12-21,1.3764809909229928e-07
1998-12-22,1.32143059583007e-07
1998-12-23,1.305548613202086e-07
1998-12-24,1.316966815350087e-07
1998-12-25,1.3184119960087993e-07
1998-12-26,1.2703128246720128e-07
1998-12-27,1.1913670999027573e-07
1998-12-28,1.1853349544521338e-07
1998-12-29,1.1740553198871533e-07
1998-12-30,1.2219068999008553e-07
1998-12-31,1.229159844686564e-07
1999-01-01,1.213555132293071e-07
1999-01-02,1.2257207847870285e-07
1999-01-03,1.172092095706266e-07
1999-01-04,1.1960043291658054e-07
1999-01-05,1.1725276505697205e-07
1999-01-06,1.199884291533999e-07
1999-01-07,1.157266534387341e-07
1999-01-08,1.1319316540048488e-07
1999-01-09,1.1266354274083077e-07
1999-01-10,1.142978665907492e-07
1999-01-11,1.1129708799256965e-07
1999-01-12,1.112615707856841e-07
1999-01-13,1.1533306372367837e-07
1999-01-14,1.142866287584963e-07
1999-01-15,1.0826223044070881e-07
1999-01-16,1.1244393133324961e-07
1999-01-17,1.0452014028561889e-07
1999-01-18,1.1263083837153157e-07
1999-01-19,1.09840308360227e-07
1999-01-20,1.0993392415434769e-07
1999-01-21,1.148675124666048e-07
1999-01-22,1.16159910602294e-07
1999-01-23,1.1995335859551812e-07
1999-01-24,1.1364133394519477e-07
1999-01-25,1.2190551556339713e-07
1999-01-26,1.0925513042483553e-07
1999-01-27,1.1389076946936497e-07
1999-01-28,1.144702135367615e-07
1999-01-29,1.136709517479088e-07
1999-01-30,1.1474679827360433e-07
1999-01-31,1.1110571489620857e-07
1999-02-01,1.0988491820950457e-07
1999-02-02,1.1263313680015537e-07
1999-02-03,1.1213014456639265e-07
1999-02-04,1.067520595492338e-07
1999-02-05,1.0343568510742918e-07
1999-02-06,1.1050441766213633e-07
1999-02-07,1.172012504590743e-07
1999-02-08,1.1722465548938928e-07
1999-02-09,1.0693018273547801e-07
1999-02-10,1.0569166395964465e-07
1999-02-11,1.0414296846250205e-07
1999-02-12,1.0313356315446685e-07
1999-02-13,1.1068969755052008e-07
1999-02-14,1.10977265116653e-07
1999-02-15,1.1141986498087013e-07
1999-02-16,1.984080364487631e-07
1999-02-17,1.01326054951345e-07
1999-02-18,1.037588701981541e-07
1999-02-19,1.0445744282457637e-07
1999-02-20,1.0892808585041693e-07
1999-02-21,1.0106489640376285e-07
1999-02-22,9.945542993049025e-08
1999-02-23,9.67248958452756e-08
1999-02-24,9.277662053033889e-08
1999-02-25,1.0279701462770065e-07
1999-02-26,9.175427050372884e-08
1999-02-27,9.500440311759157e-08
1999-02-28,1.01251183003223e-07
1999-03-01,9.59141658863112e-08
1999-03-02,1.0677542884271864e-07
1999-03-03,9.789132582113466e-08
1999-03-04,1.1118511129375525e-07
1999-03-05,9.90039108966762e-08
1999-03-06,9.897846372604706e-08
1999-03-07,9.673074422565044e-08
1999-03-08,9.458460637693785e-08
1999-03-09,9.149799158599941e-08
1999-03-10,9.170486167165937e-08
1999-03-11,9.687066285321484e-08
1999-03-12,9.938123989168745e-08
1999-03-13,9.395054397237325e-08
1999-03-14,9.53538680026215e-08
1999-03-15,1.039042592964996e-07
1999-03-16,1.024308558838773e-07
1999-03-17,1.0115811506694868e-07
1999-03-18,1.1077436864168645e-07
1999-03-19,1.208201282534e-07
1999-03-20,1.225472854424439e-07
1999-03-21,1.1938433813312072e-07
1999-03-22,1.1769731384637093e-07
1999-03-23,1.0277279108257745e-07
1999-03-24,1.0635634457309165e-07
1999-03-25,1.0445502610490649e-07
1999-03-26,9.972732244438705e-08
1999-03-27,9.528581011693577e-08
1999-03-28,1.014914496544811e-07
1999-03-29,1.0061164205975166e-07
1999-03-30,1.0268384609230764e-07
1999-03-31,1.0529417414411405e-07
1999-04-01,1.0703951715281368e-07
1999-04-02,1.185971212482794e-07
1999-04-03,1.234429332087447e-07
1999-04-04,1.3330898126717704e-07
1999-04-05,1.6353870929037808e-07
1999-04-06,1.811800939780569e-07
1999-04-07,1.9393984322250482e-07
1999-04-08,2.4169623192033284e-07
1999-04-09,2.4541398791767664e-07
1999-04-10,2.2835228208707202e-07
1999-04-11,2.807420279419433e-07
1999-04-12,2.28403340592685e-07
1999-04-13,2.0963025929362746e-07
1999-04-14,2.003359661247791e-07
1999-04-15,1.9319704183589494e-07
1999-04-16,1.950799945958734e-07
1999-04-17,1.966001679501916e-07
1999-04-18,1.925007735146416e-07
1999-04-19,1.9770631626232445e-07
1999-04-20,1.946817916682998e-07
1999-04-21,1.8583105624180325e-07
1999-04-22,1.8623977513663545e-07
1999-04-23,1.9111212032468801e-07
1999-04-24,1.9034864485898136e-07
1999-04-25,2.078224328039644e-07
1999-04-26,2.170656653257343e-07
1999-04-27,1.7814924535271458e-07
1999-04-28,1.7325013425923332e-07
1999-04-29,1.8554808568998095e-07
1999-04-30,1.942381776004151e-07
1999-05-01,3.040479672458747e-07
1999-05-02,1.648545057830227e-07
1999-05-03,1.4496349044989824e-07
1999-05-04,2.6228585212073125e-07
1999-05-05,1.597980526645715e-07
1999-05-06,1.826068999774841e-07
1999-05-07,4.184186324077547e-07
1999-05-08,4.6905896925534846e-08
1999-05-09,0.0
1999-05-10,0.0
1999-05-11,1.731002916828426e-07
1999-05-12,1.2786979621238493e-07
1999-05-13,4.574004259240818e-08
1999-05-14,0.0
1999-05-15,0.0
1999-05-16,0.0
1999-05-17,0.0
1999-05-18,7.80731781389656e-08
1999-05-19,0.0
1999-05-20,0.0
1999-05-21,1.9371700174791095e-07
1999-05-22,1.6927401257561037e-07
1999-05-23,5.520493474802231e-07
1999-05-24,5.134487536359881e-07
1999-05-25,0.0
1999-05-26,8.789104663696063e-08
1999-05-27,0.0
1999-05-28,0.0
1999-05-29,0.0
1999-05-30,0.0
1999-05-31,4.0576358938567554e-07
1999-06-01,9.425518471513747e-07
1999-06-02,0.0
1999-06-03,6.240271830858618e-07
1999-06-04,3.593009081780335e-07
1999-06-05,0.0
1999-06-06,0.0
1999-06-07,0.0
1999-06-08,0.0
1999-06-09,0.0
1999-06-10,0.0
1999-06-11,2.183497579745086e-07
1999-06-12,0.0
1999-06-13,0.0
1999-06-14,0.0
1999-06-15,0.0
1999-06-16,0.0
1999-06-17,0.0
1999-06-18,0.0
1999-06-19,1.965805673274261e-06
1999-06-20,0.0
1999-06-21,0.0
1999-06-22,0.0
1999-06-23,0.0
1999-06-24,0.0
1999-06-25,0.0
1999-06-26,0.0
1999-06-27,0.0
1999-06-28,0.0
1999-06-29,0.0
1999-06-30,0.0
1999-07-01,1.1219638019422827e-06
1999-07-02,9.235033932924276e-07
1999-07-03,9.578191186528264e-07
1999-07-04,7.465522035610924e-08
1999-07-05,0.0
1999-07-06,0.0
1999-07-07,0.0
1999-07-08,0.0
1999-07-09,0.0
1999-07-10,0.0
1999-07-11,0.0
1999-07-12,7.552513579292121e-08
1999-07-13,1.3971067492360437e-06
1999-07-14,2.5276867274467025e-06
1999-07-15,4.543105925370701e-07
1999-07-16,2.2189010722562456e-08
1999-07-17,3.1554488988067866e-08
1999-07-18,0.0
1999-07-19,0.0
1999-07-20,0.0
1999-07-21,0.0
1999-07-22,0.0
1999-07-23,0.0
1999-07-24,0.0
1999-07-25,0.0
1999-07-26,0.0
1999-07-27,0.0
1999-07-28,0.0
1999-07-29,0.0
1999-07-30,0.0
1999-07-31,0.0
1999-08-01,0.0
1999-08-02,0.0
1999-08-03,0.0
1999-08-04,0.0
1999-08-05,0.0
1999-08-06,0.0
1999-08-07,0.0
1999-08-08,5.28247245035601e-08
1999-08-09,3.055683578942183e-07
1999-08-10,6.732951654191086e-07
1999-08-11,8.445701102526226e-07
1999-08-12,1.2018033627657718e-06
1999-08-13,1.878507963488982e-06
1999-08-14,6.21887720040677e-07
1999-08-15,0.0
1999-08-16,0.0
1999-08-17,0.0
1999-08-18,0.0
1999-08-19,0.0
1999-08-20,0.0
1999-08-21,0.0
1999-08-22,0.0
1999-08-23,0.0
1999-08-24,0.0
1999-08-25,0.0
1999-08-26,0.0
1999-08-27,0.0
1999-08-28,0.0
1999-08-29,0.0
1999-08-30,0.0
1999-08-31,0.0
1999-09-01,0.0
1999-09-02,0.0
1999-09-03,0.0
1999-09-04,0.0
1999-09-05,0.0
1999-09-06,0.0
1999-09-07,0.0
1999-09-08,0.0
1999-09-09,7.669778379234644e-07
1999-09-10,1.2223876507343304e-06
1999-09-11,0.0
1999-09-12,0.0
1999-09-13,0.0
1999-09-14,0.0
1999-09-15,0.0
1999-09-16,0.0
1999-09-17,0.0
1999-09-18,0.0
1999-09-19,0.0
1999-09-20,4.0256408498818455e-08
1999-09-21,0.0
1999-09-22,0.0
1999-09-23,0.0
1999-09-24,0.0
1999-09-25,0.0
1999-09-26,0.0
1999-09-27,0.0
1999-09-28,0.0
1999-09-29,0.0
1999-09-30,0.0
1999-10-01,0.0
1999-10-02,0.0
1999-10-03,0.0
1999-10-04,0.0
1999-10-05,0.0
1999-10-06,0.0
1999-10-07,8.724822281311393e-09
1999-10-08,4.2569778890510254e-08
1999-10-09,5.341305037416524e-08
1999-10-10,7.386121995309333e-08
1999-10-11,1.222709846821741e-07
1999-10-12,1.548568471593639e-07
1999-10-13,1.4373614920770126e-07
1999-10-14,1.0080898761107153e-07
1999-10-15,8.926742062847039e-08
1999-10-16,2.030508934119336e-07
1999-10-17,8.401424283516738e-08
1999-10-18,1.0685368175250089e-07
1999-10-19,1.4568533460120206e-07
1999-10-20,1.3272656401740888e-07
1999-10-21,1.4868945983687584e-07
1999-10-22,1.5490011547643436e-07
1999-10-23,1.730629939909946e-07
1999-10-24,1.825892303357232e-07
1999-10-25,1.762913706955059e-07
1999-10-26,1.81848459979991e-07
1999-10-27,1.9693803276060445e-07
1999-10-28,1.9377060624147442e-07
1999-10-29,1.997378189997316e-07
1999-10-30,1.969855101830144e-07
1999-10-31,1.953949035929747e-07
1999-11-01,1.9465818410001818e-07
1999-11-02,1.9416801670666813e-07
1999-11-03,1.912187093278619e-07
1999-11-04,2.255361581433085e-07
1999-11-05,2.007770341790901e-07
1999-11-06,1.9890328874553381e-07
1999-11-07,1.831710406769846e-07
1999-11-08,1.741010404461865e-07
1999-11-09,1.6379945057562346e-07
1999-11-10,1.59030799935782e-07
1999-11-11,1.3993899283007685e-07
1999-11-12,1.2985180367113765e-07
1999-11-13,1.411018393115297e-07
1999-11-14,1.5728043084148378e-07
1999-11-15,1.5936229177252646e-07
1999-11-16,1.4360538830336368e-07
1999-11-17,1.440339971400606e-07
1999-11-18,1.517348085140555e-07
1999-11-19,1.3788032589081325e-07
1999-11-20,1.2367806458444881e-07
1999-11-21,1.0614842425647957e-07
1999-11-22,8.86040691041407e-08
1999-11-23,8.195226721556674e-08
1999-11-24,9.854422157288118e-08
1999-11-25,9.981026285539962e-08
1999-11-26,1.00044609315627e-07
1999-11-27,1.1173511278231449e-07
1999-11-28,2.175121256231871e-07
1999-11-29,1.0549986159510985e-07
1999-11-30,7.3595867269354e-08
1999-12-01,5.6257516259234696e-08
1999-12-02,4.667957134798815e-08
1999-12-03,4.4123495497778214e-08
1999-12-04,4.084431550295708e-08
1999-12-05,4.097388413207069e-08
1999-12-06,3.7356875072573913e-08
1999-12-07,4.1911661537436575e-08
1999-12-08,5.480214358074708e-08
1999-12-09,5.9331534229770374e-08
1999-12-10,3.920930025641319e-08
1999-12-11,4.00496954352375e-08
1999-12-12,3.8520195500930616e-08
1999-12-13,4.150827110552816e-08
1999-12-14,3.9258874826684894e-08
1999-12-15,3.829630373222147e-08
1999-12-16,3.6534432733748696e-08
1999-12-17,3.8858004366288e-08
1999-12-18,3.5562139593576125e-08
1999-12-19,3.618021035274296e-08
1999-12-20,3.7402024503579696e-08
1999-12-21,3.0747639552657955e-08
1999-12-22,2.144187969828052e-08
1999-12-23,3.194685164641511e-08
1999-12-24,2.7826081202140244e-08
1999-12-25,2.3873240080765093e-08
1999-12-26,2.2937009831435327e-08
1999-12-27,2.6052474059623764e-08
1999-12-28,2.5641016237274647e-08
1999-12-29,2.3874565649226373e-08
1999-12-30,2.7275393464030424e-08
1999-12-31,2.002672416084801e-08
2000-01-01,2.4075654887750826e-08
2000-01-02,2.3358961274926985e-08
2000-01-03,2.6686236978681555e-08
2000-01-04,2.9329444270657483e-08
2000-01-05,2.9467866507499248e-08
2000-01-06,3.0387950869216784e-08
2000-01-07,2.7514027820997324e-08
2000-01-08,2.7909710380539464e-08
2000-01-09,2.402462779249164e-08
2000-01-10,2.316331831157793e-08
2000-01-11,2.2952393742259345e-08
2000-01-12,2.378609512672344e-08
2000-01-13,2.5449423213112448e-08
2000-01-14,3.0806418894159914e-08
2000-01-15,3.0856291194598704e-08
2000-01-16,2.6727160862804906e-08
2000-01-17,2.046980426896395e-08
2000-01-18,2.5197450151752863e-08
2000-01-19,2.319512699617058e-08
2000-01-20,2.4868115272722323e-08
2000-01-21,2.3206469078103972e-08
2000-01-22,1.7763014097553492e-08
2000-01-23,1.8174384241783425e-08
2000-01-24,1.979539919919329e-08
2000-01-25,1.7221041902323184e-08
2000-01-26,1.0654620712216217e-08
2000-01-27,1.3981727019733078e-08
2000-01-28,1.2256758110592912e-08
2000-01-29,1.3437542843368984e-08
2000-01-30,1.2988038368250632e-08
2000-01-31,1.6841506415250392e-08
2000-02-01,1.4570365503464016e-08
2000-02-02,1.8157528702713013e-08
2000-02-03,1.066119197229776e-08
2000-02-04,2.6779706738492985e-08
2000-02-05,1.5926937115115133e-08
2000-02-06,1.6112744136766355e-08
2000-02-07,1.327215392042878e-08
2000-02-08,1.4059447772489602e-08
2000-02-09,1.7934160731332447e-08
2000-02-10,1.518782515884917e-08
2000-02-11,1.5356068950618324e-08
2000-02-12,1.6712679302408493e-08
2000-02-13,1.2522483158530309e-08
2000-02-14,1.7687730669968587e-08
2000-02-15,1.2087994158094622e-08
2000-02-16,1.4865558290555734e-08
2000-02-17,1.1516960719290129e-08
2000-02-18,1.5334338351282062e-08
2000-02-19,8.075432194844724e-10
2000-02-20,1.3979572439321186e-08
2000-02-21,1.2410062606075494e-08
2000-02-22,8.35680120514585e-10
2000-02-23,1.795528260168074e-08
2000-02-24,8.489085246315351e-09
2000-02-25,1.5091151712894812e-08
2000-02-26,1.8097972936077152e-08
2000-02-27,2.3794275805690208e-08
2000-02-28,4.5881021145535774e-08
2000-02-29,4.092912312975076e-08
2000-03-01,5.801867981445734e-08
2000-03-02,1.0682171247353609e-07
2000-03-03,9.258599097665969e-08
2000-03-04,7.625132964972201e-08
2000-03-05,9.284926509746638e-08
2000-03-06,7.879742016045263e-08
2000-03-07,5.677926298327509e-08
2000-03-08,4.9457760846889377e-08
2000-03-09,5.745916666242793e-08
2000-03-10,6.502826648149186e-08
2000-03-11,8.186874290894112e-08
2000-03-12,1.0209341147593133e-07
2000-03-13,1.3100425516662557e-07
2000-03-14,1.185029508297603e-07
2000-03-15,6.997810867731657e-08
2000-03-16,5.940318491535507e-08
2000-03-17,4.289088445572845e-08
2000-03-18,2.139078644040752e-08
2000-03-19,2.3015844035747493e-08
2000-03-20,2.0242639307644685e-08
2000-03-21,1.0616795832048992e-08
2000-03-22,1.2302397449358912e-08
2000-03-23,5.5324611645638755e-09
2000-03-24,2.7717305719064848e-08
2000-03-25,3.4001890099354735e-08
2000-03-26,5.20311447176056e-08
2000-03-27,7.856307876952974e-08
2000-03-28,9.018119105209029e-08
2000-03-29,1.196232684461875e-07
2000-03-30,1.221193652373347e-07
2000-03-31,1.1711085395040945e-07
2000-04-01,1.8032343955325373e-07
2000-04-02,1.1305211996712277e-07
2000-04-03,1.1208912617532892e-07
2000-04-04,1.1134038129684253e-07
2000-04-05,1.1463177363959717e-07
2000-04-06,1.1691825555931685e-07
2000-04-07,1.1993782343100212e-07
2000-04-08,1.3024338189913094e-07
2000-04-09,1.0929056533803681e-07
2000-04-10,1.1087211918792561e-07
2000-04-11,1.132616048795512e-07
2000-04-12,9.97774713621821e-08
2000-04-13,9.013164357833704e-08
2000-04-14,8.477087641532799e-08
2000-04-15,7.322156295317818e-08
2000-04-16,7.117918421366358e-08
2000-04-17,7.404741191870269e-08
2000-04-18,7.892122090358637e-08
2000-04-19,9.39418035300317e-08
2000-04-20,9.005374481730094e-08
2000-04-21,7.698764397150182e-08
2000-04-22,7.522608570967475e-08
2000-04-23,9.311131650495808e-08
2000-04-24,9.66060615453787e-08
2000-04-25,1.85929642520116e-07
2000-04-26,1.1048620940430217e-07
2000-04-27,1.1040418615829632e-07
2000-04-28,1.1977722870952586e-07
2000-04-29,1.1953506506481548e-07
2000-04-30,1.1793556299110365e-07
2000-05-01,1.1784456613440329e-07
2000-05-02,1.2035504154968318e-07
2000-05-03,1.0873544992664825e-07
2000-05-04,9.513748587935889e-08
2000-05-05,1.0610336823677353e-07
2000-05-06,1.705242071419636e-07
2000-05-07,2.416459568667426e-07
2000-05-08,2.5016354195007066e-08
2000-05-09,0.0
2000-05-10,0.0
2000-05-11,0.0
2000-05-12,2.5604042389549896e-07
2000-05-13,0.0
2000-05-14,0.0
2000-05-15,0.0
2000-05-16,0.0
2000-05-17,7.749358151613384e-08
2000-05-18,0.0
2000-05-19,0.0
2000-05-20,2.90170362889123e-08
2000-05-21,0.0
2000-05-22,0.0
2000-05-23,0.0
2000-05-24,0.0
2000-05-25,0.0
2000-05-26,5.2248459543411264e-08
2000-05-27,0.0
2000-05-28,0.0
2000-05-29,0.0
2000-05-30,0.0
2000-05-31,0.0
2000-06-01,0.0
2000-06-02,2.3863856792186345e-07
2000-06-03,7.111425787541616e-08
2000-06-04,2.875883365830987e-07
2000-06-05,0.0
2000-06-06,3.38291752641407e-08
2000-06-07,0.0
2000-06-08,0.0
2000-06-09,3.526578541294974e-07
2000-06-10,0.0
2000-06-11,0.0
2000-06-12,0.0
2000-06-13,0.0
2000-06-14,0.0
2000-06-15,0.0
2000-06-16,0.0
2000-06-17,0.0
2000-06-18,3.4484335907828125e-08
2000-06-19,0.0
2000-06-20,0.0
2000-06-21,0.0
2000-06-22,1.6005711357015098e-07
2000-06-23,0.0
2000-06-24,0.0
2000-06-25,0.0
2000-06-26,0.0
2000-06-27,0.0
2000-06-28,0.0
2000-06-29,0.0
2000-06-30,0.0
2000-07-01,0.0
2000-07-02,0.0
2000-07-03,0.0
2000-07-04,0.0
2000-07-05,0.0
2000-07-06,0.0
2000-07-07,0.0
2000-07-08,0.0
2000-07-09,0.0
2000-07-10,0.0
2000-07-11,0.0
2000-07-12,0.0
2000-07-13,2.8338836047563026e-07
2000-07-14,1.7436666274615506e-07
2000-07-15,2.547587363531328e-07
2000-07-16,2.671092617768569e-07
2000-07-17,3.245344412512734e-07
2000-07-18,3.829800666968456e-07
2000-07-19,4.829647965706195e-07
2000-07-20,5.183208957656005e-07
2000-07-21,5.544611846688741e-07
2000-07-22,8.791953109410114e-07
2000-07-23,8.285589262956678e-07
2000-07-24,7.488063276736682e-07
2000-07-25,0.0
2000-07-26,0.0
2000-07-27,0.0
2000-07-28,0.0
2000-07-29,0.0
2000-07-30,0.0
2000-07-31,6.340451183273575e-07
2000-08-01,5.496730838665271e-07
2000-08-02,5.170525538178491e-07
2000-08-03,5.563143762818755e-07
2000-08-04,5.64347069658433e-07
2000-08-05,5.891773645268319e-07
2000-08-06,6.549420478919146e-07
2000-08-07,6.439403461664724e-07
2000-08-08,6.511354767324877e-07
2000-08-09,6.737575612132633e-07
2000-08-10,6.956164328000303e-07
2000-08-11,8.318555877457916e-07
2000-08-12,2.622099641503305e-06
2000-08-13,2.723450723903498e-06
2000-08-14,2.908067215817025e-06
2000-08-15,2.889702710130708e-06
2000-08-16,2.894530921189736e-06
2000-08-17,3.547316978704721e-06
2000-08-18,3.45557541431234e-06
2000-08-19,3.374961697124297e-06
2000-08-20,5.064124244441839e-06
2000-08-21,4.001235760573521e-06
2000-08-22,4.058650937327891e-06
2000-08-23,2.338184543172894e-06
2000-08-24,4.811525472554692e-07
2000-08-25,0.0
2000-08-26,0.0
2000-08-27,0.0
2000-08-28,0.0
2000-08-29,0.0
2000-08-30,0.0
2000-08-31,0.0
2000-09-01,0.0
2000-09-02,0.0
2000-09-03,1.1158187548896345e-06
2000-09-04,9.782172348754544e-08
2000-09-05,0.0
2000-09-06,8.363003663087352e-07
2000-09-07,0.0
2000-09-08,0.0
2000-09-09,0.0
2000-09-10,0.0
2000-09-11,0.0
2000-09-12,0.0
2000-09-13,0.0
2000-09-14,0.0
2000-09-15,0.0
2000-09-16,0.0
2000-09-17,0.0
2000-09-18,0.0
2000-09-19,0.0
2000-09-20,0.0
2000-09-21,0.0
2000-09-22,0.0
2000-09-23,0.0
2000-09-24,0.0
2000-09-25,0.0
2000-09-26,0.0
2000-09-27,0.0
2000-09-28,0.0
2000-09-29,0.0
2000-09-30,3.8809974088626883e-08
2000-10-01,0.0
2000-10-02,3.049463189574644e-08
2000-10-03,0.0
2000-10-04,0.0
2000-10-05,0.0
2000-10-06,0.0
2000-10-07,4.6186386291637234e-08
2000-10-08,0.0
2000-10-09,0.0
2000-10-10,0.0
2000-10-11,0.0
2000-10-12,6.988601088526078e-08
2000-10-13,9.907314111568806e-08
2000-10-14,1.260387159948308e-07
2000-10-15,1.4526702493697877e-07
2000-10-16,1.577326359780508e-07
2000-10-17,1.679694775478048e-07
2000-10-18,1.748237607750405e-07
2000-10-19,1.4827758915774238e-07
2000-10-20,1.414453301257884e-07
2000-10-21,1.475602601644323e-07
2000-10-22,1.240699545685059e-07
2000-10-23,1.2297008183812978e-07
2000-10-24,1.2962354479212648e-07
2000-10-25,1.459908768562852e-07
2000-10-26,1.063672282975124e-07
2000-10-27,1.3857507110299145e-07
2000-10-28,1.2437775876482964e-07
2000-10-29,1.0869638306545842e-07
2000-10-30,8.246445741685111e-08
2000-10-31,3.1293049351251686e-08
2000-11-01,4.3173278725677744e-08
2000-11-02,7.272920962937796e-08
2000-11-03,1.1332057273374765e-07
2000-11-04,1.2496881180482094e-07
2000-11-05,1.154253719385934e-07
2000-11-06,1.0590260788445669e-07
2000-11-07,7.727212597712913e-08
2000-11-08,9.191963256942897e-08
2000-11-09,1.257660637377043e-07
2000-11-10,1.310962837455597e-07
2000-11-11,1.3785517273733358e-07
2000-11-12,1.7900567453212374e-07
2000-11-13,1.548021663999082e-07
2000-11-14,1.68409260548724e-07
2000-11-15,1.741751779258174e-07
2000-11-16,1.812785658141526e-07
2000-11-17,1.9849724049787173e-07
2000-11-18,2.209327130589992e-07
2000-11-19,1.8692604104751922e-07
2000-11-20,1.8576625740033125e-07
2000-11-21,1.6879011276760812e-07
2000-11-22,1.4940441575417606e-07
2000-11-23,1.261878196683986e-07
2000-11-24,1.0381386580855165e-07
2000-11-25,6.820319905849072e-08
2000-11-26,4.0606579122571937e-08
2000-11-27,4.182328148447201e-08
2000-11-28,4.0444605816208696e-08
2000-11-29,4.35947394578826e-08
2000-11-30,4.44526872380067e-08
2000-12-01,3.793268127182868e-08
2000-12-02,3.89883484616549e-08
2000-12-03,3.908479592182319e-08
2000-12-04,4.21833753529048e-08
2000-12-05,4.1207876228920886e-08
2000-12-06,4.017213174387452e-08
2000-12-07,2.9715497439765376e-08
2000-12-08,3.4556396783327284e-08
2000-12-09,3.1918294556123494e-08
2000-12-10,2.6177791261771894e-08
2000-12-11,2.9062147750487973e-08
2000-12-12,4.01800060079286e-08
2000-12-13,3.1916585278715e-08
2000-12-14,3.1282551068298995e-08
2000-12-15,3.087726666721569e-08
2000-12-16,3.122089441920752e-08
2000-12-17,3.0417663412967985e-08
2000-12-18,9.077180036789733e-08
2000-12-19,4.1142547989105503e-08
2000-12-20,3.0196136326921384e-08
2000-12-21,3.2207405995895056e-08
2000-12-22,2.7417702964349762e-08
2000-12-23,3.105612767750682e-08
2000-12-24,2.812027753311952e-08
2000-12-25,2.9242694197210225e-08
2000-12-26,2.8643876770331852e-08
2000-12-27,2.7708236231865123e-08
2000-12-28,3.2530368636738654e-08
2000-12-29,2.6899748909832127e-08
2000-12-30,2.8424196350391897e-08
2000-12-31,2.6441793793797287e-08
2001-01-01,2.811469848521744e-08
2001-01-02,3.1549538702537424e-08
2001-01-03,2.906499894403793e-08
2001-01-04,2.7368451133256053e-08
2001-01-05,2.923555430500049e-08
2001-01-06,2.5118296404334723e-08
2001-01-07,2.4781020059848448e-08
2001-01-08,2.389596922375768e-08
2001-01-09,2.6592272296772533e-08
2001-01-10,2.6957938265980693e-08
2001-01-11,2.6497332242720777e-08
2001-01-12,2.7937238001985343e-08
2001-01-13,2.3521001776126763e-08
2001-01-14,2.6701951203882413e-08
2001-01-15,2.8293343539864632e-08
2001-01-16,2.9731448634973965e-08
2001-01-17,3.4205296140065324e-08
2001-01-18,2.5263044560822483e-08
2001-01-19,3.0544261782035046e-08
2001-01-20,3.2397704061681854e-08
2001-01-21,3.05084797150975e-08
2001-01-22,2.8896821320682644e-08
2001-01-23,2.4672888569860145e-08
2001-01-24,2.8285051707693365e-08
2001-01-25,2.6052573357183684e-08
2001-01-26,2.369625436272292e-08
2001-01-27,2.6133700107058084e-08
2001-01-28,2.828385693666914e-08
2001-01-29,2.488344767270333e-08
2001-01-30,2.547687655293289e-08
2001-01-31,2.2511145125589696e-08
2001-02-01,2.2690090661140045e-08
2001-02-02,2.7527878149583763e-08
2001-02-03,2.372158091159112e-08
2001-02-04,3.2547183241594445e-08
2001-02-05,2.9136123343829093e-08
2001-02-06,2.2602411594737178e-08
2001-02-07,2.6316382388610085e-08
2001-02-08,2.3935755806010683e-08
2001-02-09,2.5732637351738786e-08
2001-02-10,2.334582243546992e-08
2001-02-11,2.7638406322291685e-08
2001-02-12,2.3152041746984173e-08
2001-02-13,2.4768366363774384e-08
2001-02-14,2.1660283026973087e-08
2001-02-15,2.3087162589967946e-08
2001-02-16,1.5922114707662657e-08
2001-02-17,2.35604359484362e-08
2001-02-18,2.7312996314327772e-08
2001-02-19,2.8387352498054908e-08
2001-02-20,1.9134557545087903e-08
2001-02-21,2.1256071560285323e-08
2001-02-22,2.1909739666286643e-08
2001-02-23,2.174039089401891e-08
2001-02-24,2.5607455775838483e-08
2001-02-25,2.2175855449527247e-08
2001-02-26,2.337702992119545e-08
2001-02-27,1.8260064072618216e-08
2001-02-28,2.54127137609032e-08
2001-03-01,1.9215278473908578e-08
2001-03-02,2.411440662732188e-08
2001-03-03,2.0876192504484614e-08
2001-03-04,2.3831094387858683e-08
2001-03-05,1.8005903268381296e-08
2001-03-06,2.4067073100875016e-08
2001-03-07,3.5327126483247824e-08
2001-03-08,3.3628205407963755e-08
2001-03-09,2.0981674329231093e-08
2001-03-10,1.9667002666147616e-08
2001-03-11,2.7301721701394723e-08
2001-03-12,2.568701413098145e-08
2001-03-13,1.866771230030957e-08
2001-03-14,3.1757879525389943e-08
2001-03-15,2.1260172990370627e-08
2001-03-16,2.8893256588673123e-08
2001-03-17,1.9425731807131192e-08
2001-03-18,2.7911535321245573e-08
2001-03-19,2.4704834295640355e-08
2001-03-20,3.136744722741879e-08
2001-03-21,3.081841594704774e-08
2001-03-22,4.251259551253629e-08
2001-03-23,4.5558892387275735e-08
2001-03-24,3.51777541125179e-08
2001-03-25,3.7721151002484026e-08
2001-03-26,5.7903926241813053e-08
2001-03-27,5.084783710755682e-08
2001-03-28,2.565897953581188e-08
2001-03-29,1.0694339749070978e-08
2001-03-30,1.1877957441045026e-08
2001-03-31,1.7017264587552726e-08
2001-04-01,3.350477764858276e-08
2001-04-02,3.0098550037589826e-08
2001-04-03,3.7698524942580334e-08
2001-04-04,4.566077930431244e-08
2001-04-05,5.26636454433113e-08
2001-04-06,6.379247101203555e-08
2001-04-07,6.116283653939225e-08
2001-04-08,6.673381319982537e-08
2001-04-09,7.643904119698908e-08
2001-04-10,1.075548963648715e-07
2001-04-11,1.1073780980699937e-07
2001-04-12,2.042049183946019e-07
2001-04-13,1.4957696264992524e-07
2001-04-14,1.4259567027031898e-07
2001-04-15,1.4647412099835073e-07
2001-04-16,2.1160772707380125e-07
2001-04-17,2.15010816230585e-07
2001-04-18,1.5193314540589833e-07
2001-04-19,1.4937076442332368e-07
2001-04-20,1.9075657256301245e-07
2001-04-21,1.3781238369150526e-07
2001-04-22,1.343556839056402e-07
2001-04-23,1.389127751596465e-07
2001-04-24,1.4047422937990137e-07
2001-04-25,1.627930202186611e-07
2001-04-26,1.981820111146165e-07
2001-04-27,2.223057069490929e-07
2001-04-28,1.801482467758573e-07
2001-04-29,1.2429329845091784e-07
2001-04-30,1.0866620245894321e-07
2001-05-01,8.437222586684963e-08
2001-05-02,1.956869566611265e-07
2001-05-03,7.760301848619128e-08
2001-05-04,5.138537338045015e-08
2001-05-05,4.765070411027085e-08
2001-05-06,1.0266795809889999e-10
2001-05-07,0.0
2001-05-08,0.0
2001-05-09,1.952221306220425e-07
2001-05-10,0.0
2001-05-11,0.0
2001-05-12,0.0
2001-05-13,0.0
2001-05-14,6.308804094389808e-07
2001-05-15,2.94619562445144e-08
2001-05-16,5.5716412117828205e-09
2001-05-17,0.0
2001-05-18,0.0
2001-05-19,0.0
2001-05-20,0.0
2001-05-21,0.0
2001-05-22,6.95876549005187e-07
2001-05-23,0.0
2001-05-24,0.0
2001-05-25,0.0
2001-05-26,0.0
2001-05-27,0.0
2001-05-28,1.2285777158069812e-07
2001-05-29,0.0
2001-05-30,0.0
2001-05-31,0.0
2001-06-01,0.0
2001-06-02,0.0
2001-06-03,0.0
2001-06-04,0.0
2001-06-05,0.0
2001-06-06,0.0
2001-06-07,0.0
2001-06-08,0.0
2001-06-09,0.0
2001-06-10,0.0
2001-06-11,0.0
2001-06-12,0.0
2001-06-13,0.0
2001-06-14,0.0
2001-06-15,0.0
2001-06-16,0.0
2001-06-17,3.756474899014135e-08
2001-06-18,1.8070017253966522e-07
2001-06-19,2.885711956217708e-07
2001-06-20,3.223564950409088e-07
2001-06-21,3.128138079394289e-07
2001-06-22,3.0193030322519175e-07
2001-06-23,3.594430391688512e-07
2001-06-24,1.0272341732517605e-06
2001-06-25,1.1430624508818484e-06
2001-06-26,1.26921036912307e-06
2001-06-27,1.358547820866001e-06
2001-06-28,1.5618956993115036e-06
2001-06-29,1.979491527603561e-06
2001-06-30,2.672695575236407e-06
2001-07-01,3.111472508048214e-06
2001-07-02,3.210787958460364e-06
2001-07-03,3.249172216743406e-06
2001-07-04,3.397921466248288e-06
2001-07-05,3.513255140604985e-06
2001-07-06,3.911267932601373e-06
2001-07-07,4.016296818904629e-06
2001-07-08,4.1810788864626125e-06
2001-07-09,4.641603389648265e-06
2001-07-10,4.770391950101591e-06
2001-07-11,8.05810455853687e-06
2001-07-12,8.16976901112114e-06
2001-07-13,8.220629601348933e-06
2001-07-14,8.235463619410696e-06
2001-07-15,8.10201657099309e-06
2001-07-16,8.044251468863104e-06
2001-07-17,8.022343732629019e-06
2001-07-18,8.00068776874019e-06
2001-07-19,7.997196572842224e-06
2001-07-20,8.009676406892685e-06
2001-07-21,7.990912301365582e-06
2001-07-22,7.95744899353154e-06
2001-07-23,8.01732650460545e-06
2001-07-24,8.059215489196645e-06
2001-07-25,7.987385669975404e-06
2001-07-26,7.988648485413746e-06
2001-07-27,7.905120738572916e-06
2001-07-28,7.784395031007375e-06
2001-07-29,7.574979414374726e-06
2001-07-30,7.45308392061209e-06
2001-07-31,7.350144292299641e-06
2001-08-01,7.238114246248224e-06
2001-08-02,7.222145392271887e-06
2001-08-03,7.14888297807192e-06
2001-08-04,7.151064954059846e-06
2001-08-05,7.08418970810576e-06
2001-08-06,7.315741330328629e-06
2001-08-07,7.091347899528553e-06
2001-08-08,7.0633521148274535e-06
2001-08-09,7.041298397651482e-06
2001-08-10,6.970580467410874e-06
2001-08-11,6.930368165950853e-06
2001-08-12,6.912499545054802e-06
2001-08-13,6.862861964093942e-06
2001-08-14,6.782822662134374e-06
2001-08-15,6.70215920397832e-06
2001-08-16,6.674211017764399e-06
2001-08-17,6.6842321174445625e-06
2001-08-18,6.755172611940998e-06
2001-08-19,6.800579337524459e-06
2001-08-20,6.946539292362055e-06
2001-08-21,6.981335208166534e-06
2001-08-22,6.921838716785597e-06
2001-08-23,6.899819078626725e-06
2001-08-24,6.835017931448167e-06
2001-08-25,6.792556973054028e-06
2001-08-26,6.727328159336696e-06
2001-08-27,6.724220937256404e-06
2001-08-28,6.703359192411968e-06
2001-08-29,6.667852881946943e-06
2001-08-30,6.648494870694344e-06
2001-08-31,6.6110268614636335e-06
2001-09-01,6.599732269658461e-06
2001-09-02,6.5508500499589216e-06
2001-09-03,6.598458084200645e-06
2001-09-04,6.548479712541599e-06
2001-09-05,6.399561293881892e-06
2001-09-06,8.255210297938345e-06
2001-09-07,8.184665676023064e-06
2001-09-08,7.787055523588082e-06
2001-09-09,7.014186768215377e-06
2001-09-10,6.232786484217849e-06
2001-09-11,6.277081072724833e-06
2001-09-12,6.1163515441172005e-06
2001-09-13,5.915978817956679e-06
2001-09-14,5.571256404992396e-06
2001-09-15,4.819350769858425e-06
2001-09-16,3.644984182016457e-06
2001-09-17,2.5653139276478418e-06
2001-09-18,0.0
2001-09-19,0.0
2001-09-20,0.0
2001-09-21,0.0
2001-09-22,0.0
2001-09-23,0.0
2001-09-24,0.0
2001-09-25,0.0
2001-09-26,0.0
2001-09-27,0.0
2001-09-28,0.0
2001-09-29,0.0
2001-09-30,0.0
2001-10-01,0.0
2001-10-02,0.0
2001-10-03,0.0
2001-10-04,1.551669727197264e-08
2001-10-05,0.0
2001-10-06,2.7571594036505254e-07
2001-10-07,1.8462761403478974e-07
2001-10-08,0.0
2001-10-09,0.0
2001-10-10,0.0
2001-10-11,3.622928861413256e-08
2001-10-12,7.669379149151524e-08
2001-10-13,1.2290591591645525e-07
2001-10-14,1.246198853309828e-07
2001-10-15,1.428711496885553e-07
2001-10-16,9.453608644559025e-08
2001-10-17,1.6782131241630462e-07
2001-10-18,1.3430876713003998e-07
2001-10-19,1.383311666327337e-07
2001-10-20,1.4643831236181626e-07
2001-10-21,1.3458743704868214e-07
2001-10-22,1.7009338434061689e-07
2001-10-23,1.849269221715186e-07
2001-10-24,1.919313436785472e-07
2001-10-25,2.0235829916425254e-07
2001-10-26,2.0938888125908789e-07
2001-10-27,2.4291101324198537e-07
2001-10-28,2.038885694871323e-07
2001-10-29,2.1252409250992214e-07
2001-10-30,2.399280107994323e-07
2001-10-31,2.2503869785843173e-07
2001-11-01,2.3287640093225065e-07
2001-11-02,2.287743757878931e-07
2001-11-03,2.336254528074751e-07
2001-11-04,2.3188285555018002e-07
2001-11-05,2.584751874877129e-07
2001-11-06,2.346405755650797e-07
2001-11-07,2.2912456467704825e-07
2001-11-08,2.293251980111899e-07
2001-11-09,2.2890748452173826e-07
2001-11-10,2.2502293230656225e-07
2001-11-11,2.304714397800901e-07
2001-11-12,2.535371732235704e-07
2001-11-13,2.300403696310717e-07
2001-11-14,2.1996633749921282e-07
2001-11-15,2.1693252276690685e-07
2001-11-16,2.136730504858021e-07
2001-11-17,2.060077243242904e-07
2001-11-18,2.2203248857476242e-07
2001-11-19,2.143696628020889e-07
2001-11-20,2.208401022975089e-07
2001-11-21,2.1729381523455505e-07
2001-11-22,2.18538610443972e-07
2001-11-23,2.336039346372774e-07
2001-11-24,2.36723264125164e-07
2001-11-25,2.0392610649615453e-07
2001-11-26,1.9562890369033884e-07
2001-11-27,1.91418438459277e-07
2001-11-28,1.924441435711401e-07
2001-11-29,2.682363925204932e-07
2001-11-30,2.2064285923245005e-07
2001-12-01,1.9318711855988708e-07
2001-12-02,1.727317026031798e-07
2001-12-03,1.5768181768583137e-07
2001-12-04,1.5588920992289525e-07
2001-12-05,1.7004479223966945e-07
2001-12-06,1.34515625376173e-07
2001-12-07,1.0488041598405861e-07
2001-12-08,9.524849397486588e-08
2001-12-09,9.645955858513513e-08
2001-12-10,1.785666155498942e-07
2001-12-11,9.504146493686657e-08
2001-12-12,9.180027049479757e-08
2001-12-13,7.27560605626235e-08
2001-12-14,6.77732545535526e-08
2001-12-15,6.924542747655747e-08
2001-12-16,7.081015568782388e-08
2001-12-17,6.825505103910003e-08
2001-12-18,7.082909728282868e-08
2001-12-19,5.8779746695030575e-08
2001-12-20,6.856498770867043e-08
2001-12-21,7.255523607160111e-08
2001-12-22,6.472485457617287e-08
2001-12-23,6.335231222023041e-08
2001-12-24,6.206437389636284e-08
2001-12-25,6.42743778336397e-08
2001-12-26,6.517131812980802e-08
2001-12-27,7.80892358765528e-08
2001-12-28,6.471421532921148e-08
2001-12-29,5.8529851089879054e-08
2001-12-30,5.8112984956846633e-08
2001-12-31,5.8189188997286824e-08
2002-01-01,5.974588963756983e-08
2002-01-02,5.8475287725724384e-08
2002-01-03,5.6215931954432384e-08
2002-01-04,5.7199653326936666e-08
2002-01-05,5.6568452976094404e-08
2002-01-06,5.968823690677089e-08
2002-01-07,6.182866722270804e-08
2002-01-08,6.057158850469199e-08
2002-01-09,5.952876529275004e-08
2002-01-10,6.125481596021642e-08
2002-01-11,5.8915405353541496e-08
2002-01-12,5.960160663037893e-08
2002-01-13,6.104769490467414e-08
2002-01-14,0.0
2002-01-15,4.2064522785354847e-08
2002-01-16,2.2111086482176168e-08
2002-01-17,5.584681494113586e-08
2002-01-18,3.879131571786376e-08
2002-01-19,1.0027379648019225e-07
2002-01-20,9.985505956193621e-08
2002-01-21,1.0383772194294629e-07
2002-01-22,8.56740670763138e-08
2002-01-23,5.856294120968617e-08
2002-01-24,7.425810572001089e-08
2002-01-25,1.19774605898717e-07
2002-01-26,1.3793131405419205e-07
2002-01-27,1.2856770460800917e-07
2002-01-28,1.328080436901452e-07
2002-01-29,1.2686248201159468e-07
2002-01-30,1.3285762352455757e-07
2002-01-31,1.4842738298239545e-07
2002-02-01,1.388211925785673e-07
2002-02-02,1.3929804572766508e-07
2002-02-03,1.2856163863138894e-07
2002-02-04,1.467528216356544e-07
2002-02-05,1.405633228620115e-07
2002-02-06,1.455339447669564e-07
2002-02-07,1.282436159543907e-07
2002-02-08,1.429148581695451e-07
2002-02-09,1.0959467905150017e-07
2002-02-10,1.3033630943957857e-07
2002-02-11,1.4029392865758e-07
2002-02-12,1.481887290426606e-07
2002-02-13,1.5155986396461096e-07
2002-02-14,1.690513739090097e-07
2002-02-15,1.6002654268652924e-07
2002-02-16,1.3435972217387828e-07
2002-02-17,1.5087798060400717e-07
2002-02-18,1.374454633148723e-07
2002-02-19,1.6744486160253517e-07
2002-02-20,1.855561068250947e-07
2002-02-21,1.757784811440118e-07
2002-02-22,1.566079849742798e-07
2002-02-23,1.6387249720199753e-07
2002-02-24,2.190192511013391e-07
2002-02-25,1.878910163419989e-07
2002-02-26,1.562154771088522e-07
2002-02-27,1.384947727104881e-07
2002-02-28,1.826025099430375e-07
2002-03-01,1.9288465787316306e-07
2002-03-02,1.753654482900552e-07
2002-03-03,1.5874025092362636e-07
2002-03-04,1.553446581365829e-07
2002-03-05,1.624180389695791e-07
2002-03-06,1.5691283270178156e-07
2002-03-07,1.5680459467029628e-07
2002-03-08,1.5506934258372285e-07
2002-03-09,1.5141115928342617e-07
2002-03-10,1.7637550392687378e-07
2002-03-11,1.7394262020491785e-07
2002-03-12,1.52551908128365e-07
2002-03-13,1.7861950179927817e-07
2002-03-14,1.7450518859481968e-07
2002-03-15,1.4660230773765165e-07
2002-03-16,1.7108320389895942e-07
2002-03-17,1.650377501955755e-07
2002-03-18,1.8403131414077424e-07
2002-03-19,1.6568631974758001e-07
2002-03-20,1.71887540887056e-07
2002-03-21,1.5190323733246953e-07
2002-03-22,1.621988496300405e-07
2002-03-23,1.960401978806085e-07
2002-03-24,1.7253738749263257e-07
2002-03-25,1.729653797683704e-07
2002-03-26,1.522301860865975e-07
2002-03-27,1.863226303733926e-07
2002-03-28,1.9729580138045765e-07
2002-03-29,1.943015988226244e-07
2002-03-30,1.554357145563559e-07
2002-03-31,1.7144636262470657e-07
2002-04-01,1.7707692781980988e-07
2002-04-02,2.223231919445701e-07
2002-04-03,2.0574590794137265e-07
2002-04-04,2.1336464091725174e-07
2002-04-05,2.029893361973331e-07
2002-04-06,2.0336144229047002e-07
2002-04-07,2.0386636174869842e-07
2002-04-08,1.9822012279445378e-07
2002-04-09,2.0125932998716162e-07
2002-04-10,1.9987761086187066e-07
2002-04-11,2.0763836114104762e-07
2002-04-12,2.452793349690024e-07
2002-04-13,2.523867411607731e-07
2002-04-14,2.440864804591997e-07
2002-04-15,3.235943402454192e-07
2002-04-16,4.127789658862872e-07
2002-04-17,3.308707216916156e-07
2002-04-18,2.910978959962442e-07
2002-04-19,3.2928957124071934e-07
2002-04-20,3.159887156738372e-07
2002-04-21,3.555636212048617e-07
2002-04-22,3.49471862324505e-07
2002-04-23,4.354708674709644e-07
2002-04-24,4.166437388579513e-07
2002-04-25,3.0429319617031104e-07
2002-04-26,2.972275089913653e-07
2002-04-27,3.8704251611336617e-07
2002-04-28,3.805957856031578e-07
2002-04-29,4.208423984807027e-07
2002-04-30,3.1872948094390325e-07
2002-05-01,3.186847986608299e-07
2002-05-02,3.281124291851021e-07
2002-05-03,3.551513129278703e-07
2002-05-04,3.58547223288991e-07
2002-05-05,3.232716606381968e-07
2002-05-06,3.647829349064625e-07
2002-05-07,3.292930426435632e-07
2002-05-08,3.203823957700185e-07
2002-05-09,3.3561202791943025e-07
2002-05-10,3.307837659672471e-07
2002-05-11,4.640124496386318e-07
2002-05-12,3.758852243476385e-07
2002-05-13,4.483119175675306e-07
2002-05-14,5.537859959215015e-07
2002-05-15,4.164214828949065e-07
2002-05-16,4.35576372272065e-07
2002-05-17,7.382468339426029e-07
2002-05-18,6.634580192491532e-07
2002-05-19,9.848560974163412e-07
2002-05-20,3.372682187940637e-07
2002-05-21,2.680085596534724e-07
2002-05-22,2.742076191045516e-07
2002-05-23,2.846861229020115e-07
2002-05-24,2.742588178739946e-07
2002-05-25,3.248170451713887e-07
2002-05-26,3.947459416181149e-07
2002-05-27,2.924811915184267e-07
2002-05-28,2.5512667819135613e-07
2002-05-29,2.786063362565003e-07
2002-05-30,3.584604626487308e-07
2002-05-31,2.229633676445378e-07
2002-06-01,1.8885529765313419e-07
2002-06-02,3.626610592708101e-07
2002-06-03,4.472132999464234e-07
2002-06-04,1.0680570903496789e-06
2002-06-05,9.22651466403734e-07
2002-06-06,9.208951473685264e-07
2002-06-07,9.357187893473638e-07
2002-06-08,1.0716548879476312e-06
2002-06-09,1.2039054985508574e-06
2002-06-10,1.2619417109764893e-06
2002-06-11,1.4657180676766876e-06
2002-06-12,2.593835354993223e-06
2002-06-13,2.913971152987046e-06
2002-06-14,3.1153784202816257e-06
2002-06-15,3.1871378304838826e-06
2002-06-16,3.2921723467105584e-06
2002-06-17,3.236308920250456e-06
2002-06-18,3.3371193103680305e-06
2002-06-19,3.302865194328289e-06
2002-06-20,3.247998731203564e-06
2002-06-21,3.244465638785412e-06
2002-06-22,3.252185767406352e-06
2002-06-23,3.286585034687981e-06
2002-06-24,4.301227694082403e-06
2002-06-25,5.635078203568553e-06
2002-06-26,5.731199854394842e-06
2002-06-27,6.136319042378558e-06
2002-06-28,6.433583572364107e-06
2002-06-29,6.619763002452348e-06
2002-06-30,6.76460668972656e-06
2002-07-01,7.016293759367954e-06
2002-07-02,7.045266558333593e-06
2002-07-03,7.0915990631333735e-06
2002-07-04,7.290273298066844e-06
2002-07-05,7.480969061376011e-06
2002-07-06,7.553438997149538e-06
2002-07-07,7.551272101538285e-06
2002-07-08,7.577177221252211e-06
2002-07-09,7.519258743385957e-06
2002-07-10,7.414557229651923e-06
2002-07-11,7.345962289666589e-06
2002-07-12,7.31005806994618e-06
2002-07-13,7.514240073762227e-06
2002-07-14,7.264497924983788e-06
2002-07-15,7.182861630933744e-06
2002-07-16,7.133986753704687e-06
2002-07-17,7.1107429029941214e-06
2002-07-18,7.08326617758058e-06
2002-07-19,7.022230973622199e-06
2002-07-20,6.977351439154931e-06
2002-07-21,6.8775282254865205e-06
2002-07-22,6.839707826323837e-06
2002-07-23,6.817965208031271e-06
2002-07-24,6.822821898007358e-06
2002-07-25,6.7111906480704665e-06
2002-07-26,6.989173469202928e-06
2002-07-27,6.800734763830335e-06
2002-07-28,6.763027907096869e-06
2002-07-29,6.7521261915791824e-06
2002-07-30,6.768732468895153e-06
2002-07-31,6.752078319382276e-06
2002-08-01,6.803390174755102e-06
2002-08-02,6.790068032645198e-06
2002-08-03,6.805918200811619e-06
2002-08-04,6.793388253659091e-06
2002-08-05,6.880946961304307e-06
2002-08-06,6.88427757559613e-06
2002-08-07,6.818136376754992e-06
2002-08-08,6.8324230650123855e-06
2002-08-09,6.894764862572356e-06
2002-08-10,6.8678893962478105e-06
2002-08-11,6.882742026987664e-06
2002-08-12,6.896104790858846e-06
2002-08-13,6.9162468095194335e-06
2002-08-14,6.967627586571663e-06
2002-08-15,7.038016247777669e-06
2002-08-16,7.134274382673562e-06
2002-08-17,7.263373900851874e-06
2002-08-18,7.280101365554718e-06
2002-08-19,7.403684507704585e-06
2002-08-20,7.637853721440397e-06
2002-08-21,9.573301506207214e-06
2002-08-22,1.0518433963397252e-05
2002-08-23,9.68081882427457e-06
2002-08-24,9.520371755921135e-06
2002-08-25,9.215061799857895e-06
2002-08-26,9.326438912609443e-06
2002-08-27,9.17737583402446e-06
2002-08-28,9.17457739752086e-06
2002-08-29,9.156254347854935e-06
2002-08-30,9.150239801630791e-06
2002-08-31,9.153169808892176e-06
2002-09-01,9.125971268878631e-06
2002-09-02,9.11142720606915e-06
2002-09-03,9.097488790279074e-06
2002-09-04,9.084784952353616e-06
2002-09-05,8.998797330913016e-06
2002-09-06,8.848481676959372e-06
2002-09-07,8.953513730662835e-06
2002-09-08,8.68524340154993e-06
2002-09-09,1.0067269482548844e-05
2002-09-10,9.842457050782324e-06
2002-09-11,9.754108340664736e-06
2002-09-12,9.32371429409988e-06
2002-09-13,9.011649052016657e-06
2002-09-14,8.815930809794704e-06
2002-09-15,8.634693420557135e-06
2002-09-16,8.574495180268286e-06
2002-09-17,8.928976184176869e-06
2002-09-18,8.597587544135625e-06
2002-09-19,8.42535418291663e-06
2002-09-20,7.146228932892018e-06
2002-09-21,6.04304738657889e-06
2002-09-22,5.673425837091978e-06
2002-09-23,5.269448726872415e-06
2002-09-24,5.485025642456208e-06
2002-09-25,5.4430391621367575e-06
2002-09-26,1.7132243998707025e-06
2002-09-27,0.0
2002-09-28,0.0
2002-09-29,0.0
2002-09-30,0.0
2002-10-01,0.0
2002-10-02,8.78209956145755e-08
2002-10-03,2.0835870869780133e-08
2002-10-04,2.1170917292426212e-08
2002-10-05,0.0
2002-10-06,3.57895539926439e-07
2002-10-07,0.0
2002-10-08,0.0
2002-10-09,1.36352177988607e-07
2002-10-10,6.098121612135388e-08
2002-10-11,2.576354507059336e-07
2002-10-12,1.882690453349107e-07
2002-10-13,2.3705933454814459e-07
2002-10-14,3.372060747519676e-07
2002-10-15,2.8013244621181937e-07
2002-10-16,2.463874470334972e-07
2002-10-17,2.724247833909829e-07
2002-10-18,3.099093273047397e-07
2002-10-19,3.670855946790578e-07
2002-10-20,3.992688082887161e-07
2002-10-21,4.2035160482673e-07
2002-10-22,4.403482214643634e-07
2002-10-23,4.684781021984421e-07
2002-10-24,4.687506912120476e-07
2002-10-25,4.716855132782422e-07
2002-10-26,5.172363768866648e-07
2002-10-27,4.835591271750604e-07
2002-10-28,4.86364120696899e-07
2002-10-29,4.881040443879342e-07
2002-10-30,5.015138817631804e-07
2002-10-31,4.861562813956516e-07
2002-11-01,4.836474695234818e-07
2002-11-02,4.874771033537234e-07
2002-11-03,4.782758677400203e-07
2002-11-04,4.74710402376013e-07
2002-11-05,4.591048576067662e-07
2002-11-06,4.404018236094372e-07
2002-11-07,4.203048870204192e-07
2002-11-08,4.093517689133212e-07
2002-11-09,3.982083106669822e-07
2002-11-10,3.904096580435721e-07
2002-11-11,3.7941749483839073e-07
2002-11-12,3.60957000789611e-07
2002-11-13,3.6553654655006e-07
2002-11-14,3.714383836881316e-07
2002-11-15,4.043909948578653e-07
2002-11-16,3.729063648086506e-07
2002-11-17,3.471043990691729e-07
2002-11-18,3.401814592723123e-07
2002-11-19,3.4468848730874813e-07
2002-11-20,3.403684242324159e-07
2002-11-21,3.435699760166067e-07
2002-11-22,3.334900599388412e-07
2002-11-23,3.3876498870428094e-07
2002-11-24,3.40878749276907e-07
2002-11-25,3.477186720949331e-07
2002-11-26,3.373402494934377e-07
2002-11-27,3.371758490203201e-07
2002-11-28,3.357170994440278e-07
2002-11-29,3.321430554992957e-07
2002-11-30,3.334280255116376e-07
2002-12-01,3.3296981409448214e-07
2002-12-02,3.346324221313116e-07
2002-12-03,3.349101005021852e-07
2002-12-04,3.3476705693234525e-07
2002-12-05,3.283702807719276e-07
2002-12-06,3.297998303298611e-07
2002-12-07,3.319679215999416e-07
2002-12-08,3.210863901300389e-07
2002-12-09,3.268407622421113e-07
2002-12-10,3.305383928193001e-07
2002-12-11,3.307354152117342e-07
2002-12-12,3.311783403284076e-07
2002-12-13,3.2908411755388536e-07
2002-12-14,3.269158764641248e-07
2002-12-15,3.338239098902913e-07
2002-12-16,3.350375739609873e-07
2002-12-17,3.352142873641821e-07
2002-12-18,1.622087194979159e-07
2002-12-19,5.014672627616816e-07
2002-12-20,3.361407914927635e-07
2002-12-21,3.34788117199254e-07
2002-12-22,3.269759727306407e-07
2002-12-23,3.545857310674465e-07
2002-12-24,3.401381787522996e-07
2002-12-25,3.3191480871380455e-07
2002-12-26,3.2723306834427565e-07
2002-12-27,3.254043764989614e-07
2002-12-28,3.24791884400229e-07
2002-12-29,3.298929109380014e-07
2002-12-30,3.3178766225824306e-07
2002-12-31,3.303238847754048e-07
2003-01-01,3.2996899738654465e-07
2003-01-02,3.30422233532769e-07
2003-01-03,3.30712752422569e-07
2003-01-04,3.311825641896475e-07
2003-01-05,3.2578875831239735e-07
2003-01-06,3.283969877636798e-07
2003-01-07,3.291018666961427e-07
2003-01-08,3.342458100578453e-07
2003-01-09,3.2803652744959494e-07
2003-01-10,3.290005147921766e-07
2003-01-11,3.3078870953998e-07
2003-01-12,3.299954089728123e-07
2003-01-13,3.326125723848181e-07
2003-01-14,3.269635642954074e-07
2003-01-15,3.2170123989535054e-07
2003-01-16,3.213771045561473e-07
2003-01-17,3.249632604885853e-07
2003-01-18,3.231625144621215e-07
2003-01-19,3.250978108824705e-07
2003-01-20,3.252374471885793e-07
2003-01-21,3.262796631533675e-07
2003-01-22,3.257978354128587e-07
2003-01-23,3.231659875540352e-07
2003-01-24,3.212834887609452e-07
2003-01-25,3.238320350300248e-07
2003-01-26,3.2591053917055854e-07
2003-01-27,3.2147380968604976e-07
2003-01-28,3.219895831808159e-07
2003-01-29,3.210354402443927e-07
2003-01-30,1.0562329475870485e-07
2003-01-31,4.866435492833032e-07
2003-02-01,3.225561894012542e-07
2003-02-02,3.333137185153067e-07
2003-02-03,3.273989884608984e-07
2003-02-04,3.239466496584171e-07
2003-02-05,3.256716791639144e-07
2003-02-06,3.163401957470591e-07
2003-02-07,3.246921030683199e-07
2003-02-08,3.1987570876458845e-07
2003-02-09,3.055815987839148e-07
2003-02-10,3.057654254808827e-07
2003-02-11,3.0300268982578705e-07
2003-02-12,2.961868286556826e-07
2003-02-13,2.884342362769996e-07
2003-02-14,2.799045539186545e-07
2003-02-15,2.757454619538795e-07
2003-02-16,2.6777048871905584e-07
2003-02-17,2.595291827612267e-07
2003-02-18,2.616238932274324e-07
2003-02-19,2.466692473387664e-07
2003-02-20,2.459778046736347e-07
2003-02-21,2.433984122069273e-07
2003-02-22,2.537378311509131e-07
2003-02-23,2.4756182787555904e-07
2003-02-24,2.446681687767943e-07
2003-02-25,2.474227071565852e-07
2003-02-26,2.407801844774604e-07
2003-02-27,2.3576911737450365e-07
2003-02-28,2.322866685236224e-07
2003-03-01,2.2759264015826213e-07
2003-03-02,2.279865896713102e-07
2003-03-03,2.267726065771923e-07
2003-03-04,2.280041054051439e-07
2003-03-05,2.239678736547857e-07
2003-03-06,2.2468210944902722e-07
2003-03-07,2.1853618102212218e-07
2003-03-08,2.1372663479553685e-07
2003-03-09,2.123384526714749e-07
2003-03-10,2.14837031296686e-07
2003-03-11,2.099041669717004e-07
2003-03-12,2.1015142292871885e-07
2003-03-13,2.0486244299474817e-07
2003-03-14,1.973083944865024e-07
2003-03-15,1.9621899679802365e-07
2003-03-16,1.9198505811165885e-07
2003-03-17,2.019237431567011e-07
2003-03-18,2.1149346827159802e-07
2003-03-19,2.0397054251138929e-07
2003-03-20,2.1490181987195504e-07
2003-03-21,2.324118778633577e-07
2003-03-22,2.5553029174611094e-07
2003-03-23,2.584241306367607e-07
2003-03-24,2.579796101574285e-07
2003-03-25,2.947839942197919e-07
2003-03-26,2.844316263872062e-07
2003-03-27,2.9704714744533377e-07
2003-03-28,2.962023216848548e-07
2003-03-29,3.1553620520658485e-07
2003-03-30,3.120440942121981e-07
2003-03-31,3.1590034213671534e-07
2003-04-01,3.19400065749656e-07
2003-04-02,3.368727541248638e-07
2003-04-03,2.7660602836872644e-07
2003-04-04,2.680018164210052e-07
2003-04-05,2.683553916732693e-07
2003-04-06,2.788405908852632e-07
2003-04-07,2.725351999006647e-07
2003-04-08,2.351094526454351e-07
2003-04-09,1.9356093186389362e-07
2003-04-10,1.9595783585227134e-07
2003-04-11,2.1221829514909653e-07
2003-04-12,1.9402222204139085e-07
2003-04-13,2.0028256627418402e-07
2003-04-14,1.9756068665382325e-07
2003-04-15,2.279847732206903e-07
2003-04-16,2.529715862133968e-07
2003-04-17,2.528551158171004e-07
2003-04-18,2.642356325580024e-07
2003-04-19,3.0283554231678255e-07
2003-04-20,3.211395848937089e-07
2003-04-21,3.7771651429989633e-07
2003-04-22,3.15634045067152e-07
2003-04-23,3.212872195752317e-07
2003-04-24,3.371989246540775e-07
2003-04-25,4.2475120846051204e-07
2003-04-26,3.713527421948125e-07
2003-04-27,3.475194827426918e-07
2003-04-28,3.456019491328753e-07
2003-04-29,3.461401411529701e-07
2003-04-30,3.399473890796869e-07
2003-05-01,3.929124080652244e-07
2003-05-02,3.257806625099629e-07
2003-05-03,3.118178234458958e-07
2003-05-04,3.691489700801856e-07
2003-05-05,3.21601630789328e-07
2003-05-06,3.403519154028379e-07
2003-05-07,3.172636527149889e-07
2003-05-08,3.276219798440027e-07
2003-05-09,2.6987374190351817e-07
2003-05-10,3.02858098417974e-07
2003-05-11,3.051382731826861e-07
2003-05-12,2.771347689300818e-07
2003-05-13,5.18542307807293e-07
2003-05-14,3.092668790249802e-07
2003-05-15,2.679743469823246e-07
2003-05-16,5.530853365935579e-07
2003-05-17,3.253038318481632e-07
2003-05-18,3.612351123958908e-07
2003-05-19,2.934719027570302e-07
2003-05-20,2.82187372076442e-07
2003-05-21,3.3499893936337304e-07
2003-05-22,4.43433317456758e-07
2003-05-23,8.080975851325453e-07
2003-05-24,1.2410500106666634e-06
2003-05-25,2.7091956472429035e-06
2003-05-26,1.333778379512687e-07
2003-05-27,1.1968060713793177e-07
2003-05-28,2.073299461567717e-07
2003-05-29,2.043998752346521e-07
2003-05-30,5.519894256840144e-07
2003-05-31,6.145454758004397e-07
2003-06-01,6.390943646218124e-07
2003-06-02,1.507473971791528e-07
2003-06-03,4.67024474051664e-08
2003-06-04,7.165468651155575e-07
2003-06-05,3.868928401359705e-07
2003-06-06,1.8261017821475104e-08
2003-06-07,3.977760435864192e-08
2003-06-08,6.443324432973042e-08
2003-06-09,8.801683273141525e-08
2003-06-10,1.0750650795937337e-07
2003-06-11,1.9069663899708122e-07
2003-06-12,1.6876369355443445e-07
2003-06-13,2.094243519237095e-07
2003-06-14,2.0621433404070585e-07
2003-06-15,3.340552952737417e-07
2003-06-16,2.95150992365771e-07
2003-06-17,3.159635514777489e-07
2003-06-18,3.29365275601333e-07
2003-06-19,3.480648438481126e-07
2003-06-20,3.69012137721451e-07
2003-06-21,3.91046025405289e-07
2003-06-22,4.155124818645029e-07
2003-06-23,4.518541220448318e-07
2003-06-24,4.654595431716318e-07
2003-06-25,4.797380859947141e-07
2003-06-26,5.113445070073129e-07
2003-06-27,5.521365650903711e-07
2003-06-28,6.350563271682556e-07
2003-06-29,6.43832447957113e-07
2003-06-30,7.263148385132244e-07
2003-07-01,8.311399621397642e-07
2003-07-02,8.994952185956482e-07
2003-07-03,9.203186274566282e-07
2003-07-04,9.717523733383726e-07
2003-07-05,1.0020741775131537e-06
2003-07-06,1.0346371336947308e-06
2003-07-07,1.1261798187526582e-06
2003-07-08,1.1866940675993647e-06
2003-07-09,1.2331376692688136e-06
2003-07-10,1.2727362993590644e-06
2003-07-11,1.3051928065203683e-06
2003-07-12,1.440020638636315e-06
2003-07-13,1.54908282838874e-06
2003-07-14,1.5984951434039975e-06
2003-07-15,1.6587353629773624e-06
2003-07-16,1.993732570649472e-06
2003-07-17,1.991186729271264e-06
2003-07-18,2.047089054085536e-06
2003-07-19,2.3223789880986976e-06
2003-07-20,2.616902643280544e-06
2003-07-21,2.6627590801911774e-06
2003-07-22,2.77467131532128e-06
2003-07-23,2.769950405907772e-06
2003-07-24,2.820387293722603e-06
2003-07-25,2.9216677040998034e-06
2003-07-26,3.062121525652772e-06
2003-07-27,3.1324581722455663e-06
2003-07-28,3.1745983586235643e-06
2003-07-29,3.228133637872112e-06
2003-07-30,3.579383831595562e-06
2003-07-31,3.722064888921829e-06
2003-08-01,3.759345158350638e-06
2003-08-02,3.777148590363599e-06
2003-08-03,3.8051661926747183e-06
2003-08-04,4.009275630259213e-06
2003-08-05,4.0943137993891935e-06
2003-08-06,4.08737979600523e-06
2003-08-07,4.151425850528905e-06
2003-08-08,4.14630587632243e-06
2003-08-09,4.171675944050429e-06
2003-08-10,4.19444962902579e-06
2003-08-11,4.267046036162964e-06
2003-08-12,4.377824151342948e-06
2003-08-13,4.426748720566995e-06
2003-08-14,4.446007503530511e-06
2003-08-15,4.48640570341484e-06
2003-08-16,4.579504616683597e-06
2003-08-17,4.602024500592621e-06
2003-08-18,4.618562126975746e-06
2003-08-19,4.67224854607684e-06
2003-08-20,4.7994718739309946e-06
2003-08-21,4.849570798018566e-06
2003-08-22,4.889027032005467e-06
2003-08-23,4.98572918759694e-06
2003-08-24,5.040646351252136e-06
2003-08-25,5.165570215754259e-06
2003-08-26,5.255330372779244e-06
2003-08-27,5.269016961040068e-06
2003-08-28,5.280067340793671e-06
2003-08-29,5.529978677369196e-06
2003-08-30,5.52647072282365e-06
2003-08-31,5.576399130810338e-06
2003-09-01,5.563743333343904e-06
2003-09-02,6.159135380891549e-06
2003-09-03,6.529627279931207e-06
2003-09-04,6.549752366999972e-06
2003-09-05,6.5928410781118456e-06
2003-09-06,6.5798939340294654e-06
2003-09-07,6.644687683456412e-06
2003-09-08,9.08112323574529e-06
2003-09-09,8.262024570829397e-06
2003-09-10,7.196773307197299e-06
2003-09-11,6.849067567308808e-06
2003-09-12,6.7725083336978895e-06
2003-09-13,6.654566346249476e-06
2003-09-14,6.371255352076586e-06
2003-09-15,5.908079781026327e-06
2003-09-16,5.575432531172712e-06
2003-09-17,5.739671827472102e-06
2003-09-18,5.677806038652992e-06
2003-09-19,5.6859265118362335e-06
2003-09-20,8.032464420752654e-06
2003-09-21,7.183383446264834e-06
2003-09-22,6.629359392913003e-06
2003-09-23,0.0
2003-09-24,0.0
2003-09-25,0.0
2003-09-26,0.0
2003-09-27,0.0
2003-09-28,0.0
2003-09-29,0.0
2003-09-30,0.0
2003-10-01,8.84987561945046e-09
2003-10-02,6.803229696353109e-08
2003-10-03,1.176127400827318e-07
2003-10-04,1.955470578660101e-07
2003-10-05,2.578859570786851e-07
2003-10-06,3.079807722019827e-07
2003-10-07,3.44137406573222e-07
2003-10-08,3.862237345772475e-07
2003-10-09,3.8881707935672417e-07
2003-10-10,4.175424446204051e-07
2003-10-11,4.269801473490955e-07
2003-10-12,4.415982946649882e-07
2003-10-13,3.631114420646536e-07
2003-10-14,3.283472785347055e-07
2003-10-15,2.976056849336358e-07
2003-10-16,2.907486836252549e-07
2003-10-17,3.152847401031061e-07
2003-10-18,2.804676416345068e-07
2003-10-19,3.082474795930624e-07
2003-10-20,3.250199766782493e-07
2003-10-21,3.541660045794654e-07
2003-10-22,4.004760119654053e-07
2003-10-23,3.89477080350915e-07
2003-10-24,3.883378211338763e-07
2003-10-25,3.657768407411149e-07
2003-10-26,3.625372006966417e-07
2003-10-27,3.91815146343559e-07
2003-10-28,3.804758376239745e-07
2003-10-29,4.039970450007314e-07
2003-10-30,4.054260882749462e-07
2003-10-31,4.148773388300408e-07
2003-11-01,4.1728996182013946e-07
2003-11-02,4.86465963607382e-07
2003-11-03,4.504980182956562e-07
2003-11-04,4.899259633269201e-07
2003-11-05,4.584859067331629e-07
2003-11-06,4.574111974879104e-07
2003-11-07,4.575826045494643e-07
2003-11-08,4.794346524183418e-07
2003-11-09,4.715276766833288e-07
2003-11-10,4.556605707239898e-07
2003-11-11,4.186371998014486e-07
2003-11-12,3.666258683100571e-07
2003-11-13,4.065307163781858e-07
2003-11-14,6.981603735979735e-07
2003-11-15,2.949126474815229e-07
2003-11-16,3.09784249374668e-07
2003-11-17,3.137968145882215e-07
2003-11-18,2.924568171703749e-07
2003-11-19,2.960252678533129e-07
2003-11-20,3.032614852985915e-07
2003-11-21,3.060214123388268e-07
2003-11-22,3.25183292926288e-07
2003-11-23,4.987816462599048e-07
2003-11-24,3.862649770417664e-07
2003-11-25,3.838338431179328e-07
2003-11-26,3.465930547833071e-07
2003-11-27,3.263582114369569e-07
2003-11-28,3.394130803907201e-07
2003-11-29,3.174422918661189e-07
2003-11-30,3.153117299496558e-07
2003-12-01,3.163421511981136e-07
2003-12-02,3.221240231253596e-07
2003-12-03,3.101459334761981e-07
2003-12-04,3.072049798879915e-07
2003-12-05,3.057404247127547e-07
2003-12-06,2.964073678867339e-07
2003-12-07,2.965899338989304e-07
2003-12-08,2.890385074878781e-07
2003-12-09,2.87314798260467e-07
2003-12-10,2.9955731032787e-07
2003-12-11,2.976809631864632e-07
2003-12-12,2.8703611793703857e-07
2003-12-13,2.8672139579708897e-07
2003-12-14,2.912710968976083e-07
2003-12-15,2.8308811577155344e-07
2003-12-16,2.754905112037386e-07
2003-12-17,2.761274268390944e-07
2003-12-18,2.724413203486717e-07
2003-12-19,2.705804140123467e-07
2003-12-20,2.728576564975582e-07
2003-12-21,2.710297932210884e-07
2003-12-22,2.682361771890312e-07
2003-12-23,2.6606030270214095e-07
2003-12-24,2.613879924849532e-07
2003-12-25,2.578162127677979e-07
2003-12-26,2.589857130218013e-07
2003-12-27,2.5988042006432025e-07
2003-12-28,2.5567418884984177e-07
2003-12-29,2.552420031451518e-07
2003-12-30,2.471364269878632e-07
2003-12-31,2.536989318964389e-07
2004-01-01,2.509033527632438e-07
2004-01-02,2.71407409514493e-07
2004-01-03,2.525987855853069e-07
2004-01-04,2.523643646043629e-07
2004-01-05,2.461155176752841e-07
2004-01-06,2.455833590433464e-07
2004-01-07,2.530806449908232e-07
2004-01-08,2.4188126566398624e-07
2004-01-09,2.416509258173581e-07
2004-01-10,2.353654154465465e-07
2004-01-11,2.221849584557383e-07
2004-01-12,2.2442171738291586e-07
2004-01-13,2.1848568720324065e-07
2004-01-14,2.253716523846088e-07
2004-01-15,2.23778227187706e-07
2004-01-16,2.249539318864534e-07
2004-01-17,2.220770985823869e-07
2004-01-18,2.188453016591991e-07
2004-01-19,2.158924282475265e-07
2004-01-20,2.0864427486060775e-07
2004-01-21,2.1058894063098e-07
2004-01-22,2.1184739856969122e-07
2004-01-23,2.012745671575363e-07
2004-01-24,2.029704797765867e-07
2004-01-25,2.072613005439689e-07
2004-01-26,1.943528644248239e-07
2004-01-27,1.8661994556963762e-07
2004-01-28,1.921979606329523e-07
2004-01-29,1.8704151843338506e-07
2004-01-30,1.90931997665437e-07
2004-01-31,1.867338950549131e-07
2004-02-01,1.839229091329098e-07
2004-02-02,1.7841823467848668e-07
2004-02-03,1.7552506591434385e-07
2004-02-04,1.7181023524278204e-07
2004-02-05,1.7603811851620793e-07
2004-02-06,1.735023756704065e-07
2004-02-07,1.744126858076417e-07
2004-02-08,1.729689928253275e-07
2004-02-09,1.710609098201854e-07
2004-02-10,1.7881592297486093e-07
2004-02-11,1.713381053803587e-07
2004-02-12,1.7262090137990649e-07
2004-02-13,1.6690084717873837e-07
2004-02-14,1.662059424845306e-07
2004-02-15,1.6927158925004534e-07
2004-02-16,1.6815122681198834e-07
2004-02-17,1.7093666930433077e-07
2004-02-18,1.673858928477931e-07
2004-02-19,1.709635087299863e-07
2004-02-20,1.7151673611372617e-07
2004-02-21,1.6813027657997826e-07
2004-02-22,1.729725066981285e-07
2004-02-23,1.7190704151135868e-07
2004-02-24,1.734959198851245e-07
2004-02-25,1.7255979977280614e-07
2004-02-26,1.752338788098153e-07
2004-02-27,1.7164576362741624e-07
2004-02-28,1.7399671892543098e-07
2004-02-29,1.8295649836525405e-07
2004-03-01,1.794097455469695e-07
2004-03-02,1.783234497608742e-07
2004-03-03,1.806892328933553e-07
2004-03-04,1.801101821436554e-07
2004-03-05,1.846662219016085e-07
2004-03-06,2.149213834305721e-07
2004-03-07,1.946593748391871e-07
2004-03-08,1.972813579078777e-07
2004-03-09,1.9276289773392616e-07
2004-03-10,1.788802200377207e-07
2004-03-11,1.7701755160884113e-07
2004-03-12,1.822180462939535e-07
2004-03-13,1.8376711507792973e-07
2004-03-14,1.9470786067197762e-07
2004-03-15,1.8428744936127049e-07
2004-03-16,1.845001623588361e-07
2004-03-17,1.7483248157047705e-07
2004-03-18,1.7056434817894353e-07
2004-03-19,1.763163850278054e-07
2004-03-20,1.8333179928225626e-07
2004-03-21,1.8456464308173808e-07
2004-03-22,1.7236715646982285e-07
2004-03-23,1.823736552430759e-07
2004-03-24,1.8085245639579734e-07
2004-03-25,1.817777865219141e-07
2004-03-26,1.744378342945925e-07
2004-03-27,1.774465810934729e-07
2004-03-28,1.9034753995847374e-07
2004-03-29,1.9093727577299745e-07
2004-03-30,2.211586774468522e-07
2004-03-31,2.892711199306681e-07
2004-04-01,2.726801139671743e-07
2004-04-02,3.177272698913221e-07
2004-04-03,3.1042562620288225e-07
2004-04-04,2.942963521564026e-07
2004-04-05,2.891647151231744e-07
2004-04-06,2.815183619199048e-07
2004-04-07,2.769185741661989e-07
2004-04-08,2.626922534181956e-07
2004-04-09,2.520525965494118e-07
2004-04-10,2.490681657394408e-07
2004-04-11,2.74689238092874e-07
2004-04-12,2.7804832783222024e-07
2004-04-13,3.030929239592454e-07
2004-04-14,2.80842634074274e-07
2004-04-15,2.736285531631472e-07
2004-04-16,2.737441238301876e-07
2004-04-17,2.7050952029503546e-07
2004-04-18,2.7096589198942217e-07
2004-04-19,2.744568107228949e-07
2004-04-20,2.904042421736084e-07
2004-04-21,3.076021917310406e-07
2004-04-22,3.105755702676587e-07
2004-04-23,4.224639165189768e-07
2004-04-24,4.051245358537625e-07
2004-04-25,3.154820169313168e-07
2004-04-26,3.3181439936278906e-07
2004-04-27,3.651436959710763e-07
2004-04-28,2.939833667670603e-07
2004-04-29,2.931490336187678e-07
2004-04-30,3.515430425878158e-07
2004-05-01,3.228966836471808e-07
2004-05-02,3.174426281105105e-07
2004-05-03,3.4297523238364894e-07
2004-05-04,3.033778469563743e-07
2004-05-05,3.158545173877896e-07
2004-05-06,3.3338144470141537e-07
2004-05-07,2.8906017256534866e-07
2004-05-08,3.413332190885508e-07
2004-05-09,2.852333156926892e-07
2004-05-10,2.816607350867033e-07
2004-05-11,3.3312604998896505e-07
2004-05-12,3.770190746203718e-07
2004-05-13,3.650960577155097e-07
2004-05-14,4.086116930054477e-07
2004-05-15,2.935126854868344e-07
2004-05-16,1.5698465562553104e-07
2004-05-17,4.341877402978607e-07
2004-05-18,2.0549220512379379e-07
2004-05-19,1.7949164960247265e-07
2004-05-20,1.768728747045541e-07
2004-05-21,4.366414018046335e-07
2004-05-22,2.847299214731756e-07
2004-05-23,8.999331514027962e-08
2004-05-24,5.051550837381818e-07
2004-05-25,1.1195248560574277e-07
2004-05-26,3.9277964232570304e-08
2004-05-27,1.172635703065892e-07
2004-05-28,1.0301801980617801e-07
2004-05-29,9.472813121694545e-08
2004-05-30,1.608003773743348e-07
2004-05-31,6.49894810914736e-07
2004-06-01,2.432478349977796e-09
2004-06-02,1.690983705220684e-08
2004-06-03,4.719836486296602e-08
2004-06-04,4.357518981799118e-09
2004-06-05,1.3668842947587198e-07
2004-06-06,0.0
2004-06-07,2.8148664699999623e-08
2004-06-08,0.0
2004-06-09,0.0
2004-06-10,9.204018525541376e-07
2004-06-11,1.1047653915023578e-06
2004-06-12,4.010611217929341e-06
2004-06-13,5.215377380511469e-06
2004-06-14,5.190056466391992e-06
2004-06-15,5.3069512870145226e-06
2004-06-16,5.919765881447811e-06
2004-06-17,3.2972815280143327e-06
2004-06-18,3.1380824292995373e-06
2004-06-19,2.977860164029468e-06
2004-06-20,2.939590573342147e-06
2004-06-21,2.900098734133876e-06
2004-06-22,2.861720881086437e-06
2004-06-23,2.6489537409661223e-06
2004-06-24,2.517578377660578e-06
2004-06-25,0.0
2004-06-26,0.0
2004-06-27,0.0
2004-06-28,0.0
2004-06-29,0.0
2004-06-30,4.293932011707517e-07
2004-07-01,0.0
2004-07-02,0.0
2004-07-03,0.0
2004-07-04,0.0
2004-07-05,0.0
2004-07-06,0.0
2004-07-07,3.473169426157493e-07
2004-07-08,2.246671889412586e-07
2004-07-09,2.080606481417497e-07
2004-07-10,8.79169561001095e-08
2004-07-11,5.4481741795244656e-08
2004-07-12,1.910608596057994e-08
2004-07-13,6.015118526723827e-07
2004-07-14,8.105959223912174e-07
2004-07-15,6.823551984944203e-07
2004-07-16,4.543020562743298e-07
2004-07-17,4.365724087058381e-07
2004-07-18,4.367047157468887e-07
2004-07-19,5.074882702562014e-07
2004-07-20,5.217732695305451e-07
2004-07-21,5.792575183171206e-07
2004-07-22,6.33212653662691e-07
2004-07-23,6.635453157777263e-07
2004-07-24,7.548770460190198e-07
2004-07-25,8.11260432255958e-07
2004-07-26,9.323028926205204e-07
2004-07-27,1.0757959185917014e-06
2004-07-28,1.135630980023696e-06
2004-07-29,1.1661928224009049e-06
2004-07-30,1.2166276615213496e-06
2004-07-31,1.262285916608168e-06
2004-08-01,1.309280512426966e-06
2004-08-02,1.8511148603651128e-06
2004-08-03,2.0553466452165526e-06
2004-08-04,2.122107347213793e-06
2004-08-05,2.350645592431118e-06
2004-08-06,2.4277867129125543e-06
2004-08-07,2.5336761439217344e-06
2004-08-08,2.5907032618191345e-06
2004-08-09,2.794146331435647e-06
2004-08-10,2.913371631450921e-06
2004-08-11,2.9663692604933742e-06
2004-08-12,3.0301495405905807e-06
2004-08-13,2.992196486470971e-06
2004-08-14,3.3946597204327338e-06
2004-08-15,3.204527407049798e-06
2004-08-16,3.5311229583301468e-06
2004-08-17,0.0
2004-08-18,0.0
2004-08-19,0.0
2004-08-20,0.0
2004-08-21,0.0
2004-08-22,0.0
2004-08-23,0.0
2004-08-24,0.0
2004-08-25,0.0
2004-08-26,1.1842941177785182e-09
2004-08-27,0.0
2004-08-28,0.0
2004-08-29,0.0
2004-08-30,0.0
2004-08-31,7.696945701647299e-07
2004-09-01,0.0
2004-09-02,0.0
2004-09-03,0.0
2004-09-04,0.0
2004-09-05,0.0
2004-09-06,0.0
2004-09-07,6.73380774377089e-07
2004-09-08,6.335207996611275e-07
2004-09-09,6.217830194157903e-07
2004-09-10,7.065998655694241e-07
2004-09-11,3.66787958705363e-06
2004-09-12,2.6860051764945465e-06
2004-09-13,1.7348948463074724e-06
2004-09-14,1.252038485954431e-06
2004-09-15,0.0
2004-09-16,0.0
2004-09-17,0.0
2004-09-18,0.0
2004-09-19,0.0
2004-09-20,0.0
2004-09-21,0.0
2004-09-22,0.0
2004-09-23,0.0
2004-09-24,0.0
2004-09-25,0.0
2004-09-26,0.0
2004-09-27,0.0
2004-09-28,0.0
2004-09-29,0.0
2004-09-30,0.0
2004-10-01,0.0
2004-10-02,0.0
2004-10-03,0.0
2004-10-04,2.50590053075774e-08
2004-10-05,0.0
2004-10-06,0.0
2004-10-07,7.740488983685602e-08
2004-10-08,1.563531348815741e-07
2004-10-09,2.3330578034680306e-07
2004-10-10,3.195237055332003e-07
2004-10-11,3.3463838072828897e-07
2004-10-12,2.882403882015191e-07
2004-10-13,2.686740801083001e-07
2004-10-14,2.597495412848162e-07
2004-10-15,3.019144186663951e-07
2004-10-16,3.095944229030623e-07
2004-10-17,3.124275981771427e-07
2004-10-18,2.906385109480985e-07
2004-10-19,3.2758295340603296e-07
2004-10-20,3.621925878110729e-07
2004-10-21,3.891400570210151e-07
2004-10-22,4.314043062234138e-07
2004-10-23,4.464931599552624e-07
2004-10-24,4.504729797964259e-07
2004-10-25,4.612331512337688e-07
2004-10-26,4.610321717575984e-07
2004-10-27,4.486405812484633e-07
2004-10-28,5.357479005359341e-07
2004-10-29,4.451335729829544e-07
2004-10-30,4.442150601397135e-07
2004-10-31,4.547749291184437e-07
2004-11-01,4.729630738283119e-07
2004-11-02,5.532897515909812e-07
2004-11-03,4.921155030954288e-07
2004-11-04,5.529772687092587e-07
2004-11-05,5.044023816405936e-07
2004-11-06,5.035429435928325e-07
2004-11-07,5.041978206441423e-07
2004-11-08,5.293805111470849e-07
2004-11-09,5.32698973282553e-07
2004-11-10,5.394307722891443e-07
2004-11-11,5.450317987057545e-07
2004-11-12,5.405663601601776e-07
2004-11-13,5.340812166901019e-07
2004-11-14,5.244791685064543e-07
2004-11-15,5.487267321742132e-07
2004-11-16,5.163835331832231e-07
2004-11-17,5.139813705349743e-07
2004-11-18,4.913075782099003e-07
2004-11-19,5.291543184257659e-07
2004-11-20,5.867147873300064e-07
2004-11-21,8.883888499668006e-07
2004-11-22,4.501000883958906e-07
2004-11-23,4.545403247675621e-07
2004-11-24,4.621451958491947e-07
2004-11-25,5.049804611362415e-07
2004-11-26,4.52885471594726e-07
2004-11-27,4.304412087131323e-07
2004-11-28,4.164194221374361e-07
2004-11-29,3.771502989186264e-07
2004-11-30,3.678035102505992e-07
2004-12-01,3.710179801224799e-07
2004-12-02,4.523763226224038e-07
2004-12-03,4.073056053895164e-07
2004-12-04,3.9058994967382994e-07
2004-12-05,3.83263811895914e-07
2004-12-06,3.820931428198167e-07
2004-12-07,3.790877836395725e-07
2004-12-08,3.727879951085994e-07
2004-12-09,3.738858870938144e-07
2004-12-10,3.7013008047047393e-07
2004-12-11,3.654226225128512e-07
2004-12-12,3.6798006064215145e-07
2004-12-13,3.658554897936444e-07
2004-12-14,3.663387109252186e-07
2004-12-15,3.9038403011273e-07
2004-12-16,3.68741562057292e-07
2004-12-17,3.607056372191131e-07
2004-12-18,3.515324962551676e-07
2004-12-19,3.5038416826646134e-07
2004-12-20,3.449159968821823e-07
2004-12-21,3.412399553375759e-07
2004-12-22,3.377981157632312e-07
2004-12-23,3.302308024873765e-07
2004-12-24,3.2337570302592334e-07
2004-12-25,3.139104534282245e-07
2004-12-26,3.190344654977813e-07
2004-12-27,3.13215769186108e-07
2004-12-28,3.111069031682307e-07
2004-12-29,3.0621373060331385e-07
2004-12-30,3.05200242390265e-07
2004-12-31,3.026954078258206e-07
2005-01-01,3.017512381687826e-07
2005-01-02,3.0349003252502346e-07
2005-01-03,3.0271751165286253e-07
2005-01-04,9.354639338044542e-08
2005-01-05,2.0004987871531734e-07
2005-01-06,1.813627876783909e-07
2005-01-07,2.175497553905924e-07
2005-01-08,1.810546925069959e-07
2005-01-09,2.175953612814812e-07
2005-01-10,2.1794587179855777e-07
2005-01-11,2.555941780222127e-07
2005-01-12,2.235032601044295e-07
2005-01-13,2.4837406684402066e-07
2005-01-14,2.731712696918352e-07
2005-01-15,2.6899185077779495e-07
2005-01-16,3.081095150718413e-07
2005-01-17,3.165149823511828e-07
2005-01-18,2.671486718574669e-07
2005-01-19,2.197839496787062e-07
2005-01-20,2.2550840065873417e-07
2005-01-21,2.451351218942633e-07
2005-01-22,2.754124106591892e-07
2005-01-23,2.724663975566684e-07
2005-01-24,3.103117800609661e-07
2005-01-25,3.043125952575835e-07
2005-01-26,3.031895715525076e-07
2005-01-27,2.9931230067939457e-07
2005-01-28,2.716938678744808e-07
2005-01-29,3.148964453487284e-07
2005-01-30,3.163459831237022e-07
2005-01-31,3.066590730334808e-07
2005-02-01,2.6952873474134845e-07
2005-02-02,2.978488899502216e-07
2005-02-03,3.285448921256216e-07
2005-02-04,2.987659255304515e-07
2005-02-05,3.2276770765286924e-07
2005-02-06,3.286937131881597e-07
2005-02-07,3.090518318010781e-07
2005-02-08,3.058636567747161e-07
2005-02-09,3.066074217519753e-07
2005-02-10,3.070935950708346e-07
2005-02-11,3.621848121439629e-07
2005-02-12,3.2777858768260897e-07
2005-02-13,3.065488291667045e-07
2005-02-14,3.071759336235558e-07
2005-02-15,2.965081824200192e-07
2005-02-16,3.1539148115715695e-07
2005-02-17,3.0741551511584485e-07
2005-02-18,3.072009004925032e-07
2005-02-19,3.3350202906156454e-07
2005-02-20,2.96844624495109e-07
2005-02-21,3.152015894935053e-07
2005-02-22,3.136564472678525e-07
2005-02-23,3.01105361855984e-07
2005-02-24,3.0889308933825577e-07
2005-02-25,3.198679459103411e-07
2005-02-26,3.312949360388756e-07
2005-02-27,3.018110697582333e-07
2005-02-28,3.2287786536440705e-07
2005-03-01,3.1595554972999145e-07
2005-03-02,3.220096508068353e-07
2005-03-03,3.095955071966459e-07
2005-03-04,3.19526033231884e-07
2005-03-05,3.185178095914828e-07
2005-03-06,3.061455929695671e-07
2005-03-07,3.095771129775251e-07
2005-03-08,3.17369042938172e-07
2005-03-09,3.356728609047988e-07
2005-03-10,3.208865760549815e-07
2005-03-11,3.369422643781864e-07
2005-03-12,3.225132234493441e-07
2005-03-13,2.901052859569713e-07
2005-03-14,2.9898387408605814e-07
2005-03-15,3.153875878682606e-07
2005-03-16,3.192447140676081e-07
2005-03-17,3.108879013863171e-07
2005-03-18,3.0769650992703306e-07
2005-03-19,3.1752768371257385e-07
2005-03-20,3.1427706160504893e-07
2005-03-21,3.067359109312372e-07
2005-03-22,3.391207199169032e-07
2005-03-23,3.158420463046337e-07
2005-03-24,3.362208020843889e-07
2005-03-25,3.467448465858791e-07
2005-03-26,3.188610270502648e-07
2005-03-27,3.28130323522799e-07
2005-03-28,3.303874187234071e-07
2005-03-29,3.273511812758292e-07
2005-03-30,3.326573315427595e-07
2005-03-31,3.64542271511254e-07
2005-04-01,3.604964691338675e-07
2005-04-02,3.72498794597513e-07
2005-04-03,3.834406441761051e-07
2005-04-04,4.030593362702173e-07
2005-04-05,4.621320781757722e-07
2005-04-06,3.82991724753937e-07
2005-04-07,3.890471355920722e-07
2005-04-08,3.923025859518132e-07
2005-04-09,3.9196860441832665e-07
2005-04-10,4.345629363168804e-07
2005-04-11,4.869773579685536e-07
2005-04-12,4.141126937180445e-07
2005-04-13,4.152211435827978e-07
2005-04-14,4.215632679229341e-07
2005-04-15,4.42890607866756e-07
2005-04-16,4.570757463744626e-07
2005-04-17,4.258664431808736e-07
2005-04-18,4.173066630134441e-07
2005-04-19,4.283354660954201e-07
2005-04-20,4.362019260478121e-07
2005-04-21,4.7295343463896e-07
2005-04-22,4.768075121208206e-07
2005-04-23,5.138733026509185e-07
2005-04-24,5.216878565498643e-07
2005-04-25,5.017165285315386e-07
2005-04-26,4.500220010076412e-07
2005-04-27,4.4656394960152667e-07
2005-04-28,5.134378864672913e-07
2005-04-29,5.461700242350794e-07
2005-04-30,5.277939093467517e-07
2005-05-01,5.595314404867208e-07
2005-05-02,5.4104315453322e-07
2005-05-03,4.903759412427773e-07
2005-05-04,4.952635070039463e-07
2005-05-05,4.920175167747138e-07
2005-05-06,5.103508128419768e-07
2005-05-07,4.697627953418833e-07
2005-05-08,4.91823992317331e-07
2005-05-09,4.856259712913566e-07
2005-05-10,5.124450334249317e-07
2005-05-11,5.530566795543827e-07
2005-05-12,5.173217545739502e-07
2005-05-13,5.917126847073603e-07
2005-05-14,6.291969927969435e-07
2005-05-15,6.735381190222886e-07
2005-05-16,8.668305389877186e-07
2005-05-17,5.399918910637622e-07
2005-05-18,5.199152605234717e-07
2005-05-19,5.003159907439157e-07
2005-05-20,4.823227587446602e-07
2005-05-21,4.819371011741528e-07
2005-05-22,4.680827984103329e-07
2005-05-23,4.65880101499209e-07
2005-05-24,4.4249455928654194e-07
2005-05-25,4.514013397247873e-07
2005-05-26,5.65836113347433e-07
2005-05-27,3.2003749268892377e-07
2005-05-28,7.642731804284695e-07
2005-05-29,2.9838220027772817e-07
2005-05-30,3.746207822664305e-07
2005-05-31,1.400188609607831e-07
2005-06-01,3.717447562925953e-07
2005-06-02,1.788071954528846e-07
2005-06-03,1.8531053375663985e-07
2005-06-04,2.067354995856213e-07
2005-06-05,2.341982576319741e-07
2005-06-06,2.798028424294613e-07
2005-06-07,3.0851809009464695e-07
2005-06-08,3.301030398517299e-07
2005-06-09,3.875322618803811e-07
2005-06-10,5.555802191547303e-07
2005-06-11,5.813624824014087e-07
2005-06-12,5.971316666394134e-07
2005-06-13,6.131392996412922e-07
2005-06-14,6.266947265929385e-07
2005-06-15,6.557800552249933e-07
2005-06-16,7.381029569432529e-07
2005-06-17,7.312280256966163e-07
2005-06-18,7.90836752645595e-07
2005-06-19,7.967474190767841e-07
2005-06-20,9.58846605952775e-07
2005-06-21,1.0628846775403806e-06
2005-06-22,1.083432965652856e-06
2005-06-23,1.095024954425684e-06
2005-06-24,1.1510052432478456e-06
2005-06-25,1.2159780049540472e-06
2005-06-26,1.2603141775669004e-06
2005-06-27,1.2862278465093004e-06
2005-06-28,1.4556503882271487e-06
2005-06-29,1.6495000608400691e-06
2005-06-30,1.6590120255108551e-06
2005-07-01,1.712530145620369e-06
2005-07-02,1.987667720473978e-06
2005-07-03,2.08128746393158e-06
2005-07-04,2.0493703322831866e-06
2005-07-05,2.80514589338873e-06
2005-07-06,3.481585495309783e-06
2005-07-07,3.7227264135450944e-06
2005-07-08,5.595384107351715e-06
2005-07-09,6.360004977587034e-06
2005-07-10,6.900064086834951e-06
2005-07-11,7.117204704726222e-06
2005-07-12,7.355012065302163e-06
2005-07-13,7.933157701519151e-06
2005-07-14,8.600791679220643e-06
2005-07-15,9.193399152233274e-06
2005-07-16,9.58181159655344e-06
2005-07-17,9.75132923614623e-06
2005-07-18,1.0071697036417637e-05
2005-07-19,1.0288547508062508e-05
2005-07-20,1.0458188696962846e-05
2005-07-21,1.070618486513497e-05
2005-07-22,1.1192153252663888e-05
2005-07-23,1.1984459108734935e-05
2005-07-24,1.216503986407649e-05
2005-07-25,1.2369788346134656e-05
2005-07-26,1.2479326268308862e-05
2005-07-27,1.2556114439251605e-05
2005-07-28,1.275078873806281e-05
2005-07-29,1.3105149865178345e-05
2005-07-30,1.3038934213698587e-05
2005-07-31,1.3232924511985522e-05
2005-08-01,1.3241887970038334e-05
2005-08-02,1.335246748682565e-05
2005-08-03,1.3355826465187834e-05
2005-08-04,1.3378228561222049e-05
2005-08-05,1.342474601524862e-05
2005-08-06,1.3476276036298416e-05
2005-08-07,1.352725931856916e-05
2005-08-08,1.3596168013992718e-05
2005-08-09,1.3753950868370402e-05
2005-08-10,1.3796223429789023e-05
2005-08-11,1.3866189600510528e-05
2005-08-12,1.393875167067904e-05
2005-08-13,1.4077807203059896e-05
2005-08-14,1.421867115372318e-05
2005-08-15,1.422419145671524e-05
2005-08-16,1.4184755804538575e-05
2005-08-17,1.4203598308381062e-05
2005-08-18,1.4153015300688744e-05
2005-08-19,1.4095313175117924e-05
2005-08-20,1.403985321702596e-05
2005-08-21,1.3988426600702125e-05
2005-08-22,1.3954437497420226e-05
2005-08-23,1.3956793712434642e-05
2005-08-24,1.3868595778215545e-05
2005-08-25,1.3822290216815953e-05
2005-08-26,1.4589811378728792e-05
2005-08-27,1.3873630641966638e-05
2005-08-28,1.3260987879658773e-05
2005-08-29,1.326137902791195e-05
2005-08-30,1.30417389788298e-05
2005-08-31,1.3058321024431394e-05
2005-09-01,1.2861746082380078e-05
2005-09-02,1.2269929115735944e-05
2005-09-03,1.1942055481188986e-05
2005-09-04,1.1718213811533129e-05
2005-09-05,1.1418086209101936e-05
2005-09-06,1.3835507383236609e-05
2005-09-07,1.1711300219945157e-05
2005-09-08,1.0369984163546148e-05
2005-09-09,9.458236179647496e-06
2005-09-10,9.993982925969085e-06
2005-09-11,9.007951562284069e-06
2005-09-12,8.870325680758917e-06
2005-09-13,8.699852291933517e-06
2005-09-14,8.686954819880467e-06
2005-09-15,7.765697910967739e-06
2005-09-16,7.235750233214236e-06
2005-09-17,7.134647811965132e-06
2005-09-18,7.102478932599441e-06
2005-09-19,6.933076665397804e-06
2005-09-20,6.799210007561885e-06
2005-09-21,6.624386081320077e-06
2005-09-22,7.384943831539651e-06
2005-09-23,6.801494579109139e-06
2005-09-24,6.6119791459946695e-06
2005-09-25,2.8506956615424296e-08
2005-09-26,3.3531958950486195e-08
2005-09-27,1.249391289441463e-07
2005-09-28,0.0
2005-09-29,0.0
2005-09-30,0.0
2005-10-01,6.774452921669129e-08
2005-10-02,0.0
2005-10-03,0.0
2005-10-04,0.0
2005-10-05,1.2551620993361794e-07
2005-10-06,1.0114400753535605e-07
2005-10-07,0.0
2005-10-08,2.995980520885409e-07
2005-10-09,4.793372884629952e-07
2005-10-10,4.303513694501083e-07
2005-10-11,1.3740503572742863e-06
2005-10-12,0.0
2005-10-13,3.8835457620761886e-08
2005-10-14,9.483814879141773e-08
2005-10-15,1.383236770799003e-07
2005-10-16,1.722564579874545e-07
2005-10-17,1.8342212993516506e-07
2005-10-18,2.78433531969027e-07
2005-10-19,1.801402222474172e-07
2005-10-20,2.1662289096244817e-07
2005-10-21,4.323457488431354e-07
2005-10-22,3.120007490050313e-07
2005-10-23,3.1565341668461105e-07
2005-10-24,3.347850351205583e-07
2005-10-25,3.809885706779542e-07
2005-10-26,4.019972473078844e-07
2005-10-27,4.345889934484717e-07
2005-10-28,4.524807939227023e-07
2005-10-29,4.651314356789953e-07
2005-10-30,4.777905194051078e-07
2005-10-31,4.925292295189472e-07
2005-11-01,5.06803947049182e-07
2005-11-02,5.160553620085801e-07
2005-11-03,5.326829305691501e-07
2005-11-04,5.306941835306997e-07
2005-11-05,5.294888590607688e-07
2005-11-06,5.353682549808721e-07
2005-11-07,5.387920687355116e-07
2005-11-08,5.453945564887437e-07
2005-11-09,5.547151375374168e-07
2005-11-10,5.564024500202253e-07
2005-11-11,5.732758318059258e-07
2005-11-12,5.681982655536875e-07
2005-11-13,5.703420083125721e-07
2005-11-14,5.69006162873373e-07
2005-11-15,5.693683709505183e-07
2005-11-16,5.732157919483784e-07
2005-11-17,5.763835436418994e-07
2005-11-18,6.099584012931841e-07
2005-11-19,5.71943784083488e-07
2005-11-20,5.930310692631488e-07
2005-11-21,5.71409474554133e-07
2005-11-22,5.075831107519093e-07
2005-11-23,4.822091662246964e-07
2005-11-24,4.759713780413945e-07
2005-11-25,4.68300893264386e-07
2005-11-26,4.504886746174685e-07
2005-11-27,4.287503462473352e-07
2005-11-28,4.2862210923751043e-07
2005-11-29,4.076385523531077e-07
2005-11-30,4.189383272916138e-07
2005-12-01,4.153571204070462e-07
2005-12-02,4.382011504918277e-07
2005-12-03,4.77279311803083e-07
2005-12-04,4.50375549471203e-07
2005-12-05,4.162366278034176e-07
2005-12-06,4.149194879668222e-07
2005-12-07,4.1047455340497963e-07
2005-12-08,4.139936170618432e-07
2005-12-09,4.1014164146387946e-07
2005-12-10,4.044352655776912e-07
2005-12-11,4.077534522519376e-07
2005-12-12,4.125521740002426e-07
2005-12-13,4.088763913356358e-07
2005-12-14,4.104881472450671e-07
2005-12-15,4.065418660273633e-07
2005-12-16,4.107232502348629e-07
2005-12-17,4.122196252582952e-07
2005-12-18,4.125722776727762e-07
2005-12-19,4.098884366761441e-07
2005-12-20,4.112008261407457e-07
2005-12-21,4.117519957155376e-07
2005-12-22,4.063712111721785e-07
2005-12-23,4.042255669776661e-07
2005-12-24,4.029579304671553e-07
2005-12-25,4.06041096124912e-07
2005-12-26,4.087177596400869e-07
2005-12-27,4.073110403373397e-07
2005-12-28,4.114595435742358e-07
2005-12-29,4.188296426667453e-07
2005-12-30,4.128510846638963e-07
2005-12-31,4.138193844305229e-07
2006-01-01,4.143817636803464e-07
2006-01-02,4.1172184734486694e-07
2006-01-03,4.0832064060776857e-07
2006-01-04,4.05868820907076e-07
2006-01-05,4.071788701184205e-07
2006-01-06,4.05132122171024e-07
2006-01-07,4.075553618073016e-07
2006-01-08,4.031731955697566e-07
2006-01-09,4.081015857371961e-07
2006-01-10,4.06371384705154e-07
2006-01-11,4.05138504282256e-07
2006-01-12,4.050886676036905e-07
2006-01-13,4.045254913001328e-07
2006-01-14,4.008974093344287e-07
2006-01-15,3.941074931890384e-07
2006-01-16,3.9299389244220293e-07
2006-01-17,3.924131442279009e-07
2006-01-18,3.905819394688626e-07
2006-01-19,3.851026634161366e-07
2006-01-20,3.816785943006664e-07
2006-01-21,3.787170685800282e-07
2006-01-22,3.753561177013055e-07
2006-01-23,3.684107526389407e-07
2006-01-24,3.683688320915643e-07
2006-01-25,3.677374544631537e-07
2006-01-26,3.6358074092148133e-07
2006-01-27,3.620854347859724e-07
2006-01-28,3.545543264070664e-07
2006-01-29,3.481429377604928e-07
2006-01-30,3.4822004285736095e-07
2006-01-31,3.4628679278034866e-07
2006-02-01,3.456870682814595e-07
2006-02-02,3.6251555653041443e-07
2006-02-03,3.484520787362612e-07
2006-02-04,3.435685690590625e-07
2006-02-05,3.420676641694187e-07
2006-02-06,3.396091027259792e-07
2006-02-07,3.374640173083826e-07
2006-02-08,3.345543426956843e-07
2006-02-09,3.28673603538785e-07
2006-02-10,3.259356188425834e-07
2006-02-11,3.199136133733041e-07
2006-02-12,3.206060698070135e-07
2006-02-13,3.140379710303789e-07
2006-02-14,3.139847608865327e-07
2006-02-15,3.1221212444869775e-07
2006-02-16,3.1382310240894964e-07
2006-02-17,3.097439480833764e-07
2006-02-18,3.075424040940113e-07
2006-02-19,3.051570814108787e-07
2006-02-20,3.045643754099621e-07
2006-02-21,2.9813812130646664e-07
2006-02-22,2.891213507874224e-07
2006-02-23,2.852037032783365e-07
2006-02-24,2.818608486717997e-07
2006-02-25,2.81551380582344e-07
2006-02-26,2.813582902397432e-07
2006-02-27,2.838145715188206e-07
2006-02-28,2.7812612043797064e-07
2006-03-01,2.7304338002486825e-07
2006-03-02,2.738802034451103e-07
2006-03-03,2.695348393297877e-07
2006-03-04,2.657264106289041e-07
2006-03-05,2.732817787660462e-07
2006-03-06,2.769191539357817e-07
2006-03-07,2.7722911850714666e-07
2006-03-08,2.72210437475912e-07
2006-03-09,2.728245178676892e-07
2006-03-10,2.856746088839695e-07
2006-03-11,2.929608039703929e-07
2006-03-12,2.7395317630769924e-07
2006-03-13,2.799011995728152e-07
2006-03-14,2.8510347664829264e-07
2006-03-15,2.767092302962189e-07
2006-03-16,2.781771313474881e-07
2006-03-17,2.7412272176336085e-07
2006-03-18,2.665093061739675e-07
2006-03-19,2.518738367318262e-07
2006-03-20,2.619118423172451e-07
2006-03-21,2.6285813321570045e-07
2006-03-22,2.606304637815309e-07
2006-03-23,2.585697474445502e-07
2006-03-24,2.575112549876376e-07
2006-03-25,2.566342683928416e-07
2006-03-26,2.522118807090352e-07
2006-03-27,2.4586977351752293e-07
2006-03-28,2.440278801740943e-07
2006-03-29,2.515546179595389e-07
2006-03-30,2.552522155067757e-07
2006-03-31,2.68400888187677e-07
2006-04-01,2.6148464968702844e-07
2006-04-02,2.749867421301356e-07
2006-04-03,2.750048480588149e-07
2006-04-04,3.007470433535115e-07
2006-04-05,3.664490724239053e-07
2006-04-06,3.266983924834446e-07
2006-04-07,3.505189481871385e-07
2006-04-08,3.33738523198493e-07
2006-04-09,3.12426589604894e-07
2006-04-10,3.146744137596253e-07
2006-04-11,3.282329386596143e-07
2006-04-12,3.276996988152256e-07
2006-04-13,3.192186417242598e-07
2006-04-14,3.2434583520325e-07
2006-04-15,3.483959728423846e-07
2006-04-16,3.7582501038924653e-07
2006-04-17,3.876034886865647e-07
2006-04-18,3.9433085190695627e-07
2006-04-19,3.867243883327492e-07
2006-04-20,3.951016164166396e-07
2006-04-21,3.801717425104962e-07
2006-04-22,4.2506877043137897e-07
2006-04-23,3.575850330523681e-07
2006-04-24,3.5363027875767e-07
2006-04-25,3.445484701010293e-07
2006-04-26,3.574895254604299e-07
2006-04-27,4.078240500437066e-07
2006-04-28,3.259554639779512e-07
2006-04-29,3.092665040898924e-07
2006-04-30,3.144799909695735e-07
2006-05-01,3.119456052893787e-07
2006-05-02,4.118078436785034e-07
2006-05-03,3.652600655362234e-07
2006-05-04,3.100840145174321e-07
2006-05-05,2.938071557235302e-07
2006-05-06,2.652916942773108e-07
2006-05-07,3.117425504383101e-07
2006-05-08,2.1765870515780265e-07
2006-05-09,1.6906429818995008e-07
2006-05-10,2.0560087640647122e-07
2006-05-11,2.662683336302482e-07
2006-05-12,3.584536102246688e-07
2006-05-13,1.5368441303649249e-07
2006-05-14,2.518153460911924e-07
2006-05-15,2.2452849223930533e-07
2006-05-16,1.559097409280312e-07
2006-05-17,2.543049584716725e-07
2006-05-18,2.7085537761144496e-07
2006-05-19,3.82427000953737e-07
2006-05-20,3.999509955723432e-07
2006-05-21,4.380129088256444e-07
2006-05-22,2.7597727887333696e-07
2006-05-23,1.409746500782741e-07
2006-05-24,3.809270166239128e-07
2006-05-25,1.9226402659062842e-07
2006-05-26,1.8045116051681562e-07
2006-05-27,2.447649210103697e-07
2006-05-28,2.725638236387286e-07
2006-05-29,8.130631124244567e-07
2006-05-30,1.0353663550877258e-06
2006-05-31,1.0137323911196796e-06
2006-06-01,1.161965250683522e-06
2006-06-02,1.2875649723443724e-06
2006-06-03,1.3319014360424495e-06
2006-06-04,1.3867063424916776e-06
2006-06-05,1.3803141944326915e-06
2006-06-06,1.395887760366726e-06
2006-06-07,1.4107233423627013e-06
2006-06-08,1.4266339658378963e-06
2006-06-09,1.447277142261685e-06
2006-06-10,1.476527293525928e-06
2006-06-11,1.5589502512476903e-06
2006-06-12,1.4845006901879256e-06
2006-06-13,1.4367190586066857e-06
2006-06-14,1.3548786894337362e-06
2006-06-15,1.248521471770159e-06
2006-06-16,1.2027019263366684e-06
2006-06-17,1.1985171209208363e-06
2006-06-18,1.1882053704030256e-06
2006-06-19,1.1895679210863982e-06
2006-06-20,1.1533800387086124e-06
2006-06-21,1.1508838167758108e-06
2006-06-22,1.2117288975822008e-06
2006-06-23,1.3000864408123929e-06
2006-06-24,1.3169123862541517e-06
2006-06-25,1.3294549045171685e-06
2006-06-26,1.4227839902883998e-06
2006-06-27,1.4812611884179484e-06
2006-06-28,1.4971467338229171e-06
2006-06-29,1.578011666470795e-06
2006-06-30,1.5760895847802712e-06
2006-07-01,1.590183052534606e-06
2006-07-02,1.6493313375162777e-06
2006-07-03,1.6816355801496174e-06
2006-07-04,1.725353279255917e-06
2006-07-05,1.7620364560287874e-06
2006-07-06,2.051831433402081e-06
2006-07-07,2.1067253031105256e-06
2006-07-08,2.1952900085146968e-06
2006-07-09,2.257382911215801e-06
2006-07-10,2.316952686732514e-06
2006-07-11,2.3526977176994235e-06
2006-07-12,2.448825068918981e-06
2006-07-13,2.6748492690489874e-06
2006-07-14,2.7301967366875694e-06
2006-07-15,2.754499597455882e-06
2006-07-16,2.785550529434192e-06
2006-07-17,2.8156584405885308e-06
2006-07-18,2.858800962944768e-06
2006-07-19,2.956911192898361e-06
2006-07-20,2.970231834605472e-06
2006-07-21,3.10905849767416e-06
2006-07-22,3.2311219985772613e-06
2006-07-23,3.2538856485910536e-06
2006-07-24,3.380618527866971e-06
2006-07-25,3.446695187483257e-06
2006-07-26,3.469825806718498e-06
2006-07-27,3.499736737873201e-06
2006-07-28,3.541365106452024e-06
2006-07-29,3.714310732487812e-06
2006-07-30,3.7068706494698472e-06
2006-07-31,3.8132331500190895e-06
2006-08-01,3.797578120118921e-06
2006-08-02,3.871108326866309e-06
2006-08-03,4.230996383790525e-06
2006-08-04,4.261668199478946e-06
2006-08-05,4.341355512673481e-06
2006-08-06,4.465880966390291e-06
2006-08-07,4.536639983178116e-06
2006-08-08,4.523597459958796e-06
2006-08-09,4.548061368503779e-06
2006-08-10,4.589420622629414e-06
2006-08-11,4.711798607420546e-06
2006-08-12,4.7636933113188975e-06
2006-08-13,4.79861149365807e-06
2006-08-14,4.856967306027595e-06
2006-08-15,4.962069515784336e-06
2006-08-16,5.003189702963604e-06
2006-08-17,5.082057016461628e-06
2006-08-18,5.352571600562331e-06
2006-08-19,5.853388966191128e-06
2006-08-20,6.028238890530516e-06
2006-08-21,6.225025124547812e-06
2006-08-22,6.453696652058564e-06
2006-08-23,6.537962552850826e-06
2006-08-24,6.8732331841201616e-06
2006-08-25,6.827994081062383e-06
2006-08-26,7.036724711715308e-06
2006-08-27,7.143376150067373e-06
2006-08-28,7.223218992595703e-06
2006-08-29,7.449710221498268e-06
2006-08-30,7.841051094399077e-06
2006-08-31,7.821191007748918e-06
2006-09-01,7.860776355531389e-06
2006-09-02,7.908639499029658e-06
2006-09-03,8.051734201287552e-06
2006-09-04,8.123543772861201e-06
2006-09-05,8.217474995612427e-06
2006-09-06,8.2758440512602e-06
2006-09-07,8.330066764584729e-06
2006-09-08,8.366830207093096e-06
2006-09-09,8.404692044866987e-06
2006-09-10,8.468640259985001e-06
2006-09-11,8.522825990084734e-06
2006-09-12,8.774514211767438e-06
2006-09-13,8.925516360767771e-06
2006-09-14,8.930725235791859e-06
2006-09-15,8.937122805136375e-06
2006-09-16,9.980720976917576e-06
2006-09-17,9.635238584841728e-06
2006-09-18,9.188451225206433e-06
2006-09-19,8.910056581630848e-06
2006-09-20,8.627773116525593e-06
2006-09-21,8.951620056280364e-06
2006-09-22,8.741694064009216e-06
2006-09-23,6.87266366519926e-06
2006-09-24,0.0
2006-09-25,0.0
2006-09-26,0.0
2006-09-27,3.1592921994466624e-08
2006-09-28,3.99775127617043e-08
2006-09-29,2.7397406707876344e-08
2006-09-30,7.788201346376994e-08
2006-10-01,1.1576056864318037e-07
2006-10-02,1.5875988011684678e-07
2006-10-03,1.823227780845527e-07
2006-10-04,2.2068147486879162e-07
2006-10-05,2.2049111044537002e-07
2006-10-06,3.690733301163097e-07
2006-10-07,5.521224836427379e-07
2006-10-08,7.389876323408277e-07
2006-10-09,2.4978571295888653e-07
2006-10-10,2.414811992313786e-07
2006-10-11,2.586605022759208e-07
2006-10-12,2.6431407913784666e-07
2006-10-13,2.594949354026908e-07
2006-10-14,3.1567484463595976e-07
2006-10-15,4.3982581508935494e-07
2006-10-16,3.8628935848201003e-07
2006-10-17,4.334417260755441e-07
2006-10-18,4.852003280112736e-07
2006-10-19,4.960934471110449e-07
2006-10-20,5.004748314302334e-07
2006-10-21,5.413831546975992e-07
2006-10-22,5.251232319374002e-07
2006-10-23,5.201378998221893e-07
2006-10-24,5.126972935993586e-07
2006-10-25,5.133864044890126e-07
2006-10-26,5.109796706577853e-07
2006-10-27,5.035366315266422e-07
2006-10-28,5.111690000057764e-07
2006-10-29,4.986487572606959e-07
2006-10-30,4.978026610929968e-07
2006-10-31,4.978657918367674e-07
2006-11-01,4.884449591275124e-07
2006-11-02,4.851909126819464e-07
2006-11-03,4.691146000965343e-07
2006-11-04,4.655349273669548e-07
2006-11-05,4.532390473867128e-07
2006-11-06,4.156372699014778e-07
2006-11-07,3.782881617554876e-07
2006-11-08,3.5130072198292413e-07
2006-11-09,3.324693950718795e-07
2006-11-10,3.445436613955382e-07
2006-11-11,3.598116433079563e-07
2006-11-12,3.7260089072102884e-07
2006-11-13,4.187119226443441e-07
2006-11-14,4.249365359436806e-07
2006-11-15,4.196528990925856e-07
2006-11-16,3.928290028249338e-07
2006-11-17,3.642720698036475e-07
2006-11-18,3.626007625978092e-07
2006-11-19,3.6303802554141937e-07
2006-11-20,3.579159476086904e-07
2006-11-21,5.16072657415997e-07
2006-11-22,5.006187329616037e-07
2006-11-23,3.273804474772487e-07
2006-11-24,3.1817909680168493e-07
2006-11-25,3.209624090658812e-07
2006-11-26,3.1744506233542844e-07
2006-11-27,3.170876153262097e-07
2006-11-28,3.1836818180619254e-07
2006-11-29,3.1893265574439495e-07
2006-11-30,3.1874456861225697e-07
2006-12-01,3.1246357645681856e-07
2006-12-02,3.506186500991809e-07
2006-12-03,3.6504448100410493e-07
2006-12-04,4.182667619546146e-07
2006-12-05,3.2716881867053017e-07
2006-12-06,3.260018803500809e-07
2006-12-07,3.2040250585075255e-07
2006-12-08,3.13562505817237e-07
2006-12-09,3.114254779607353e-07
2006-12-10,3.073976356209118e-07
2006-12-11,3.0381216659322534e-07
2006-12-12,2.9379869515967945e-07
2006-12-13,2.88509854006743e-07
2006-12-14,2.8922306013694244e-07
2006-12-15,2.938758904571119e-07
2006-12-16,2.939348926410844e-07
2006-12-17,3.275179341671872e-07
2006-12-18,3.011876664639837e-07
2006-12-19,3.166790242821949e-07
2006-12-20,3.026228043852365e-07
2006-12-21,3.001067998944136e-07
2006-12-22,2.9708535636218616e-07
2006-12-23,2.9373312224157615e-07
2006-12-24,2.913027891990058e-07
2006-12-25,2.892969756469442e-07
2006-12-26,2.951090686119366e-07
2006-12-27,3.344434780522764e-07
2006-12-28,3.4935627529998173e-07
2006-12-29,3.119431139017125e-07
2006-12-30,3.0865911846710245e-07
2006-12-31,3.046783218185791e-07
2007-01-01,3.042493971337113e-07
2007-01-02,3.061806984536551e-07
2007-01-03,3.127402680101092e-07
2007-01-04,3.106021323552845e-07
2007-01-05,3.389097205416092e-07
2007-01-06,3.434845192414552e-07
2007-01-07,3.159420128803468e-07
2007-01-08,3.120321088047683e-07
2007-01-09,3.131859765500378e-07
2007-01-10,3.133274541850564e-07
2007-01-11,3.092860375151092e-07
2007-01-12,3.051248993495685e-07
2007-01-13,3.016265101871732e-07
2007-01-14,2.9075405259099306e-07
2007-01-15,2.885792504251469e-07
2007-01-16,2.898544927246833e-07
2007-01-17,2.866499373547381e-07
2007-01-18,2.810666053984516e-07
2007-01-19,2.830425681282028e-07
2007-01-20,2.7866422522476205e-07
2007-01-21,2.798147364515332e-07
2007-01-22,2.7048683448904e-07
2007-01-23,2.6627780808765654e-07
2007-01-24,2.6321415913917936e-07
2007-01-25,2.663779086400623e-07
2007-01-26,2.6549299013227777e-07
2007-01-27,2.670164141939759e-07
2007-01-28,2.6338254551338253e-07
2007-01-29,2.5856176863917124e-07
2007-01-30,2.5905123856893665e-07
2007-01-31,2.570822163360017e-07
2007-02-01,2.50020247070346e-07
2007-02-02,2.516896246636101e-07
2007-02-03,2.475467564974978e-07
2007-02-04,2.479938032654315e-07
2007-02-05,2.42094697969373e-07
2007-02-06,2.4141074255897883e-07
2007-02-07,2.352684731528077e-07
2007-02-08,2.288574656483921e-07
2007-02-09,2.2158799926589906e-07
2007-02-10,2.224000642501145e-07
2007-02-11,2.243328325195989e-07
2007-02-12,2.1773979866939417e-07
2007-02-13,2.125108357667246e-07
2007-02-14,2.1448476519105945e-07
2007-02-15,2.103516057411179e-07
2007-02-16,2.079883553863917e-07
2007-02-17,2.1064253495818706e-07
2007-02-18,1.9800611660989448e-07
2007-02-19,2.024079806136019e-07
2007-02-20,2.007370150911689e-07
2007-02-21,1.9163822469047506e-07
2007-02-22,1.9562394166967574e-07
2007-02-23,1.970845866600589e-07
2007-02-24,1.949313034481683e-07
2007-02-25,1.97830068463302e-07
2007-02-26,2.0083552993519645e-07
2007-02-27,1.968397941106239e-07
2007-02-28,1.847212399981484e-07
2007-03-01,1.8356310661353802e-07
2007-03-02,1.8282116284972138e-07
2007-03-03,1.889941964877685e-07
2007-03-04,1.8539224592881746e-07
2007-03-05,1.946819595812411e-07
2007-03-06,1.841342387410375e-07
2007-03-07,1.8588950124218866e-07
2007-03-08,1.8565762231936322e-07
2007-03-09,1.8795564785026682e-07
2007-03-10,1.882189411897012e-07
2007-03-11,1.777222240659721e-07
2007-03-12,1.9921458220071866e-07
2007-03-13,1.9575231408401415e-07
2007-03-14,1.932993934692311e-07
2007-03-15,2.038563935854096e-07
2007-03-16,1.997712966476181e-07
2007-03-17,2.210178862442801e-07
2007-03-18,2.305440484092133e-07
2007-03-19,2.313830341205445e-07
2007-03-20,1.937904407675493e-07
2007-03-21,2.1074421664355325e-07
2007-03-22,2.070531755385283e-07
2007-03-23,2.0357886525360573e-07
2007-03-24,2.064453390785961e-07
2007-03-25,1.968160968360193e-07
2007-03-26,2.100597814071229e-07
2007-03-27,2.3561729797673058e-07
2007-03-28,2.3682688458811015e-07
2007-03-29,2.517927893918564e-07
2007-03-30,3.024680143276863e-07
2007-03-31,3.702465378426696e-07
2007-04-01,3.285747751429491e-07
2007-04-02,3.258521746762132e-07
2007-04-03,3.192469306744606e-07
2007-04-04,3.279909511311822e-07
2007-04-05,3.504800259179094e-07
2007-04-06,3.842252153608484e-07
2007-04-07,3.432193947286794e-07
2007-04-08,3.927704924763829e-07
2007-04-09,3.212210836385531e-07
2007-04-10,2.751522349593745e-07
2007-04-11,2.1535028714684813e-07
2007-04-12,2.042375679655642e-07
2007-04-13,2.1617582492811739e-07
2007-04-14,2.273855550767054e-07
